{
 "cells": [
  {
   "cell_type": "code",
   "execution_count": 1,
   "id": "eb3f1753",
   "metadata": {},
   "outputs": [],
   "source": [
    "import numpy as np\n",
    "import matplotlib.pyplot as plt"
   ]
  },
  {
   "cell_type": "markdown",
   "id": "a71a32b0",
   "metadata": {},
   "source": [
    "# Debug Domain communicate"
   ]
  },
  {
   "cell_type": "code",
   "execution_count": null,
   "id": "fa1936f1",
   "metadata": {},
   "outputs": [],
   "source": [
    "# Given flat data\n",
    "haha = \"0 0 0 0 2 0 0 0 0 2 0 0 0 0 2 0 0 0 0 2 1 1 1 1 1\"\n",
    "flat = list(map(float, haha.split()))\n",
    "\n",
    "# Dimensions\n",
    "mx, my= 5, 5\n",
    "\n",
    "# Reshape to 3D\n",
    "arr3d = np.array(flat).reshape((my, mx))\n"
   ]
  },
  {
   "cell_type": "code",
   "execution_count": 2,
   "id": "1e466a59",
   "metadata": {},
   "outputs": [
    {
     "name": "stdout",
     "output_type": "stream",
     "text": [
      "i=0\n",
      " [0. 0. 0. 0. 1.]\n",
      "i=-1\n",
      " [2. 2. 2. 2. 1.]\n",
      "j=0\n",
      " [0. 0. 0. 0. 2.]\n",
      "j=-1\n",
      " [1. 1. 1. 1. 1.]\n"
     ]
    }
   ],
   "source": [
    "# 이제 각 면(ghost layer) 확인\n",
    "print(\"i=0\\n\", arr3d[:, 0])\n",
    "print(\"i=-1\\n\", arr3d[:, -1])\n",
    "\n",
    "print(\"j=0\\n\", arr3d[0, :])\n",
    "print(\"j=-1\\n\", arr3d[-1, :])"
   ]
  },
  {
   "cell_type": "code",
   "execution_count": 3,
   "id": "5c5f29e6",
   "metadata": {},
   "outputs": [
    {
     "data": {
      "text/plain": [
       "array([[0., 0., 0., 0., 2.],\n",
       "       [0., 0., 0., 0., 2.],\n",
       "       [0., 0., 0., 0., 2.],\n",
       "       [0., 0., 0., 0., 2.],\n",
       "       [1., 1., 1., 1., 1.]])"
      ]
     },
     "execution_count": 3,
     "metadata": {},
     "output_type": "execute_result"
    }
   ],
   "source": [
    "arr3d"
   ]
  },
  {
   "cell_type": "markdown",
   "id": "6c038d02",
   "metadata": {},
   "source": [
    "# Debug rhs"
   ]
  },
  {
   "cell_type": "code",
   "execution_count": 35,
   "id": "ca313d5e",
   "metadata": {},
   "outputs": [],
   "source": [
    "nx = 15 # 여기서는 cell의 개수\n",
    "ny = 15\n",
    "Lx = 1\n",
    "Ly = 1\n",
    "dx = 1/(nx)\n",
    "dy = 1/ny\n",
    "\n",
    "f = np.zeros((nx+2, ny+2))\n",
    "\n",
    "x = np.zeros(nx+2)\n",
    "y = np.zeros(ny+2)\n",
    "\n",
    "for i in range(nx+2):\n",
    "    x[i] = dx/2 + (i-1)*dx\n",
    "for j in range(ny+2):\n",
    "    y[j] = dy/2 + (j-1)*dy\n",
    "\n",
    "for i in range(nx+2):\n",
    "    for j in range(ny+2):\n",
    "        f[i][j] = -2 * np.pi * np.sin(np.pi*x[i]) * np.sin(np.pi*y[j])"
   ]
  },
  {
   "cell_type": "code",
   "execution_count": 36,
   "id": "c9c032ce",
   "metadata": {},
   "outputs": [
    {
     "data": {
      "text/plain": [
       "array([[-0.06865134,  0.06865134,  0.20295362,  0.32838585,  0.43946605,  0.53133947,  0.59999081,  0.64241967,  0.6567717 ,  0.64241967,  0.59999081,  0.53133947,  0.43946605,  0.32838585,  0.20295362,  0.06865134, -0.06865134],\n",
       "       [ 0.06865134, -0.06865134, -0.20295362, -0.32838585, -0.43946605, -0.53133947, -0.59999081, -0.64241967, -0.6567717 , -0.64241967, -0.59999081, -0.53133947, -0.43946605, -0.32838585, -0.20295362, -0.06865134,  0.06865134],\n",
       "       [ 0.20295362, -0.20295362, -0.59999081, -0.97080552, -1.29919137, -1.57079633, -1.77374994, -1.89918218, -1.94161104, -1.89918218, -1.77374994, -1.57079633, -1.29919137, -0.97080552, -0.59999081, -0.20295362,  0.20295362],\n",
       "       [ 0.32838585, -0.32838585, -0.97080552, -1.57079633, -2.1021358 , -2.54160185, -2.8699877 , -3.07294132, -3.14159265, -3.07294132, -2.8699877 , -2.54160185, -2.1021358 , -1.57079633, -0.97080552, -0.32838585,  0.32838585],\n",
       "       [ 0.43946605, -0.43946605, -1.29919137, -2.1021358 , -2.8132068 , -3.40132717, -3.84079322, -4.11239817, -4.20427159, -4.11239817, -3.84079322, -3.40132717, -2.8132068 , -2.1021358 , -1.29919137, -0.43946605,  0.43946605],\n",
       "       [ 0.53133947, -0.53133947, -1.57079633, -2.54160185, -3.40132717, -4.11239817, -4.64373764, -4.9721235 , -5.08320369, -4.9721235 , -4.64373764, -4.11239817, -3.40132717, -2.54160185, -1.57079633, -0.53133947,  0.53133947],\n",
       "       [ 0.59999081, -0.59999081, -1.77374994, -2.8699877 , -3.84079322, -4.64373764, -5.24372845, -5.61454316, -5.7399754 , -5.61454316, -5.24372845, -4.64373764, -3.84079322, -2.8699877 , -1.77374994, -0.59999081,  0.59999081],\n",
       "       [ 0.64241967, -0.64241967, -1.89918218, -3.07294132, -4.11239817, -4.9721235 , -5.61454316, -6.01158035, -6.14588263, -6.01158035, -5.61454316, -4.9721235 , -4.11239817, -3.07294132, -1.89918218, -0.64241967,  0.64241967],\n",
       "       [ 0.6567717 , -0.6567717 , -1.94161104, -3.14159265, -4.20427159, -5.08320369, -5.7399754 , -6.14588263, -6.28318531, -6.14588263, -5.7399754 , -5.08320369, -4.20427159, -3.14159265, -1.94161104, -0.6567717 ,  0.6567717 ],\n",
       "       [ 0.64241967, -0.64241967, -1.89918218, -3.07294132, -4.11239817, -4.9721235 , -5.61454316, -6.01158035, -6.14588263, -6.01158035, -5.61454316, -4.9721235 , -4.11239817, -3.07294132, -1.89918218, -0.64241967,  0.64241967],\n",
       "       [ 0.59999081, -0.59999081, -1.77374994, -2.8699877 , -3.84079322, -4.64373764, -5.24372845, -5.61454316, -5.7399754 , -5.61454316, -5.24372845, -4.64373764, -3.84079322, -2.8699877 , -1.77374994, -0.59999081,  0.59999081],\n",
       "       [ 0.53133947, -0.53133947, -1.57079633, -2.54160185, -3.40132717, -4.11239817, -4.64373764, -4.9721235 , -5.08320369, -4.9721235 , -4.64373764, -4.11239817, -3.40132717, -2.54160185, -1.57079633, -0.53133947,  0.53133947],\n",
       "       [ 0.43946605, -0.43946605, -1.29919137, -2.1021358 , -2.8132068 , -3.40132717, -3.84079322, -4.11239817, -4.20427159, -4.11239817, -3.84079322, -3.40132717, -2.8132068 , -2.1021358 , -1.29919137, -0.43946605,  0.43946605],\n",
       "       [ 0.32838585, -0.32838585, -0.97080552, -1.57079633, -2.1021358 , -2.54160185, -2.8699877 , -3.07294132, -3.14159265, -3.07294132, -2.8699877 , -2.54160185, -2.1021358 , -1.57079633, -0.97080552, -0.32838585,  0.32838585],\n",
       "       [ 0.20295362, -0.20295362, -0.59999081, -0.97080552, -1.29919137, -1.57079633, -1.77374994, -1.89918218, -1.94161104, -1.89918218, -1.77374994, -1.57079633, -1.29919137, -0.97080552, -0.59999081, -0.20295362,  0.20295362],\n",
       "       [ 0.06865134, -0.06865134, -0.20295362, -0.32838585, -0.43946605, -0.53133947, -0.59999081, -0.64241967, -0.6567717 , -0.64241967, -0.59999081, -0.53133947, -0.43946605, -0.32838585, -0.20295362, -0.06865134,  0.06865134],\n",
       "       [-0.06865134,  0.06865134,  0.20295362,  0.32838585,  0.43946605,  0.53133947,  0.59999081,  0.64241967,  0.6567717 ,  0.64241967,  0.59999081,  0.53133947,  0.43946605,  0.32838585,  0.20295362,  0.06865134, -0.06865134]])"
      ]
     },
     "execution_count": 36,
     "metadata": {},
     "output_type": "execute_result"
    }
   ],
   "source": [
    "np.set_printoptions(threshold=np.inf, linewidth=np.inf) \n",
    "f"
   ]
  },
  {
   "cell_type": "code",
   "execution_count": 37,
   "id": "4041e858",
   "metadata": {},
   "outputs": [],
   "source": [
    "haha = \"-0.0686513 0.0686513 0.202954 0.328386 0.439466 0.531339 0.599991 0.64242 0.656772 0.64242 0.0686513 -0.0686513 -0.202954 -0.328386 -0.439466 -0.531339 -0.599991 -0.64242 -0.656772 -0.64242 0.202954 -0.202954 -0.599991 -0.970806 -1.29919 -1.5708 -1.77375 -1.89918 -1.94161 -1.89918 0.328386 -0.328386 -0.970806 -1.5708 -2.10214 -2.5416 -2.86999 -3.07294 -3.14159 -3.07294 0.439466 -0.439466 -1.29919 -2.10214 -2.81321 -3.40133 -3.84079 -4.1124 -4.20427 -4.1124 0.531339 -0.531339 -1.5708 -2.5416 -3.40133 -4.1124 -4.64374 -4.97212 -5.0832 -4.97212 0.599991 -0.599991 -1.77375 -2.86999 -3.84079 -4.64374 -5.24373 -5.61454 -5.73998 -5.61454 0.64242 -0.64242 -1.89918 -3.07294 -4.1124 -4.97212 -5.61454 -6.01158 -6.14588 -6.01158 0.656772 -0.656772 -1.94161 -3.14159 -4.20427 -5.0832 -5.73998 -6.14588 -6.28319 -6.14588 0.64242 -0.64242 -1.89918 -3.07294 -4.1124 -4.97212 -5.61454 -6.01158 -6.14588 -6.01158\""
   ]
  },
  {
   "cell_type": "code",
   "execution_count": 38,
   "id": "4263ed4e",
   "metadata": {},
   "outputs": [],
   "source": [
    "flat = np.array(list(map(float, haha.split())))"
   ]
  },
  {
   "cell_type": "code",
   "execution_count": 40,
   "id": "dd9ea5f6",
   "metadata": {},
   "outputs": [
    {
     "data": {
      "text/plain": [
       "array([[ 3.69979872e-08, -3.69979872e-08,  3.81858515e-07,  1.47707309e-07, -4.89285570e-08, -4.70434176e-07,  1.92567837e-07,  3.32929957e-07,  2.95414619e-07,  3.32929957e-07],\n",
       "       [-3.69979872e-08,  3.69979872e-08, -3.81858515e-07, -1.47707309e-07,  4.89285570e-08,  4.70434176e-07, -1.92567837e-07, -3.32929957e-07, -2.95414619e-07, -3.32929957e-07],\n",
       "       [ 3.81858515e-07, -3.81858515e-07, -1.92567837e-07, -4.80637267e-07,  1.37165542e-06, -3.67320510e-06, -5.50636181e-08,  2.17908759e-06,  1.03872547e-06,  2.17908759e-06],\n",
       "       [ 1.47707309e-07, -1.47707309e-07, -4.80637267e-07, -3.67320510e-06, -4.20277093e-06,  1.84615763e-06, -2.30154968e-06,  1.31659181e-06,  2.65358979e-06,  1.31659181e-06],\n",
       "       [-4.89285570e-08,  4.89285570e-08,  1.37165542e-06, -4.20277093e-06, -3.19870290e-06, -2.83111550e-06,  3.21781305e-06, -1.82704747e-06,  1.59445815e-06, -1.82704747e-06],\n",
       "       [-4.70434176e-07,  4.70434176e-07, -3.67320510e-06,  1.84615763e-06, -2.83111550e-06, -1.82704747e-06, -2.35661330e-06,  3.49567939e-06,  3.69231526e-06,  3.49567939e-06],\n",
       "       [ 1.92567837e-07, -1.92567837e-07, -5.50636183e-08, -2.30154968e-06,  3.21781305e-06, -2.35661330e-06, -1.54918114e-06,  3.16274944e-06, -4.60309936e-06,  3.16274944e-06],\n",
       "       [ 3.32929957e-07, -3.32929957e-07,  2.17908759e-06,  1.31659181e-06, -1.82704747e-06,  3.49567939e-06,  3.16274944e-06,  3.52040114e-07,  2.63318361e-06,  3.52040114e-07],\n",
       "       [ 2.95414619e-07, -2.95414619e-07,  1.03872547e-06,  2.65358979e-06,  1.59445815e-06,  3.69231526e-06, -4.60309936e-06,  2.63318361e-06, -4.69282041e-06,  2.63318361e-06],\n",
       "       [ 3.32929957e-07, -3.32929957e-07,  2.17908759e-06,  1.31659181e-06, -1.82704747e-06,  3.49567939e-06,  3.16274944e-06,  3.52040114e-07,  2.63318361e-06,  3.52040114e-07]])"
      ]
     },
     "execution_count": 40,
     "metadata": {},
     "output_type": "execute_result"
    }
   ],
   "source": [
    "flat.reshape(10, 10) - f[:10, :10]"
   ]
  },
  {
   "cell_type": "markdown",
   "id": "bf6967dd",
   "metadata": {},
   "source": [
    "# Debug A, B, C, D"
   ]
  },
  {
   "cell_type": "code",
   "execution_count": 41,
   "id": "986962cc",
   "metadata": {},
   "outputs": [],
   "source": [
    "nx = 15 # 여기서는 cell의 개수\n",
    "ny = 15\n",
    "Lx = 1\n",
    "Ly = 1\n",
    "dx = 1/(nx)\n",
    "dy = 1/ny\n",
    "dxdx = dx**2\n",
    "\n",
    "\n",
    "nx1 = 10\n",
    "ny1 = 10\n",
    "\n",
    "A = np.zeros(nx1-2)\n",
    "B = np.zeros(nx1-2)\n",
    "C = np.zeros(nx1-2)\n",
    "D = np.zeros(nx1-2)\n",
    "\n",
    "for i in range(nx1-2):\n",
    "    A[i] = 1/dxdx\n",
    "    B[i] = -2/dxdx"
   ]
  },
  {
   "cell_type": "code",
   "execution_count": 42,
   "id": "b4ad17c6",
   "metadata": {},
   "outputs": [
    {
     "data": {
      "text/plain": [
       "array([225., 225., 225., 225., 225., 225., 225., 225.])"
      ]
     },
     "execution_count": 42,
     "metadata": {},
     "output_type": "execute_result"
    }
   ],
   "source": [
    "A"
   ]
  },
  {
   "cell_type": "code",
   "execution_count": null,
   "id": "d9c45f00",
   "metadata": {},
   "outputs": [],
   "source": []
  }
 ],
 "metadata": {
  "kernelspec": {
   "display_name": "base",
   "language": "python",
   "name": "python3"
  },
  "language_info": {
   "codemirror_mode": {
    "name": "ipython",
    "version": 3
   },
   "file_extension": ".py",
   "mimetype": "text/x-python",
   "name": "python",
   "nbconvert_exporter": "python",
   "pygments_lexer": "ipython3",
   "version": "3.12.7"
  }
 },
 "nbformat": 4,
 "nbformat_minor": 5
}
