-0.359895036534988,-0.359786642878655,-0.358919885342372,-0.357188458364631,-0.354596533104675,-0.351150353737482,-0.346858222410997,-0.341730479245532,-0.335779477423509,-0.329019553429565,-0.321466992512699,-0.313139989453688,-0.304058604732258,-0.294244716199641,-0.283721966372905,-0.272515705478067,-0.260652930379177,-0.248162219540502,-0.235073664178511,-0.221418795769493,-0.207230510087471,-0.192542987955398,-0.177391612900568,-0.161812885912589,-0.145844337509312,-0.129524437322520,-0.112892501421218,-0.095988597595776,-0.078853448831118,-0.061528335201479,-0.044054994423094,-0.026475521304383,-0.008832266335867,0.008832266335867,0.026475521304383,0.044054994423095,0.061528335201479,0.078853448831118,0.095988597595776,0.112892501421218,0.129524437322521,0.145844337509313,0.161812885912589,0.177391612900568,0.192542987955399,0.207230510087471,0.221418795769494,0.235073664178512,0.248162219540502,0.260652930379177,0.272515705478068,0.283721966372905,0.294244716199641,0.304058604732258,0.313139989453688,0.321466992512699,0.329019553429565,0.335779477423509,0.341730479245532,0.346858222410997,0.351150353737482,0.354596533104675,0.357188458364631,0.358919885342372,0.359786642878655,0.359786642878655,0.358919885342372,0.357188458364631,0.354596533104675,0.351150353737482,0.346858222410997,0.341730479245532,0.335779477423509,0.329019553429565,0.321466992512699,0.313139989453688,0.304058604732258,0.294244716199641,0.283721966372905,0.272515705478067,0.260652930379177,0.248162219540502,0.235073664178511,0.221418795769493,0.207230510087471,0.192542987955399,0.177391612900568,0.161812885912589,0.145844337509312,0.129524437322520,0.112892501421218,0.095988597595776,0.078853448831118,0.061528335201479,0.044054994423094,0.026475521304383,0.008832266335867,-0.008832266335867,-0.026475521304383,-0.044054994423095,-0.061528335201479,-0.078853448831118,-0.095988597595776,-0.112892501421218,-0.129524437322521,-0.145844337509312,-0.161812885912589,-0.177391612900568,-0.192542987955399,-0.207230510087471,-0.221418795769494,-0.235073664178512,-0.248162219540502,-0.260652930379177,-0.272515705478068,-0.283721966372905,-0.294244716199641,-0.304058604732258,-0.313139989453688,-0.321466992512699,-0.329019553429565,-0.335779477423509,-0.341730479245532,-0.346858222410997,-0.351150353737482,-0.354596533104675,-0.357188458364631,-0.358919885342372,-0.359786642878655,-0.359895036534988
-0.359786642878655,-0.359260876753212,-0.357560070875387,-0.354997751597587,-0.351580155297670,-0.347315531996946,-0.342214166238715,-0.336288355120374,-0.329552379596932,-0.322022470957995,-0.313716772252348,-0.304655294847399,-0.294859870371185,-0.284354098221762,-0.273163288792709,-0.261314402558801,-0.248835985173013,-0.235758098734848,-0.222112249398261,-0.207931311495305,-0.193249448359352,-0.178102030039316,-0.162525548103662,-0.146557527739871,-0.130236437361553,-0.113601595941330,-0.096693078293076,-0.079551618531995,-0.062218511945360,-0.044735515510560,-0.027144747300282,-0.009488585017341,0.008190436096281,0.025849725730166,0.043446741108988,0.060939089481650,0.078284630249051,0.095441576484442,0.112368595601783,0.129024908929552,0.145370389950149,0.161365660968194,0.176972187974853,0.192152373479643,0.206869647086092,0.221088553593023,0.234774838409247,0.247895530075877,0.260419019697456,0.272315137090564,0.283555223466426,0.294112200472450,0.303960635426347,0.313076802585694,0.321438740305321,0.329026303944845,0.335821214398864,0.341807102132931,0.346969546619195,0.351296111076709,0.354776372432734,0.357401946432829,0.359166507839254,0.360065805669024,0.360097673434897,0.359262034364634,0.357560901585949,0.354998373276708,0.351580622792057,0.347315883792276,0.342214430407160,0.336288552484750,0.329552525984005,0.322022578582773,0.313716850583890,0.304655351213599,0.294859910417580,0.284354126270688,0.273163308127134,0.261314415648027,0.248835993853193,0.235758104353723,0.222112252930916,0.207931313636101,0.193249449594163,0.178102030701593,0.162525548417315,0.146557527851573,0.130236437364672,0.113601595893349,0.096693078228048,0.079551618469286,0.062218511895713,0.044735515480271,0.027144747294138,0.009488585040818,-0.008190436035172,-0.025849725619023,-0.043446740928893,-0.060939089204453,-0.078284629833791,-0.095441575872558,-0.112368594710732,-0.129024907644390,-0.145370388112533,-0.161365658362187,-0.176972184308806,-0.192152368363320,-0.206869640002076,-0.221088543861311,-0.234774825143788,-0.247895512131606,-0.260418995606151,-0.272315104983466,-0.283555180981094,-0.294112144640537,-0.303960562537973,-0.313076708024622,-0.321438618346956,-0.329026147504940,-0.335821014712579,-0.341806848328595,-0.346969225130222,-0.351295704817892,-0.354775859636600,-0.357401298759958,-0.359165685987851,-0.360064748140320,-0.360096289852145,-0.359786642878655
-0.358919885342372,-0.357560070875387,-0.354194187896122,-0.349974737532733,-0.344912017325337,-0.339018261425716,-0.332307696854639,-0.324796510930685,-0.316502813589605,-0.307446595949246,-0.297649683560739,-0.287135684563619,-0.275929933235441,-0.264059429254983,-0.251552772883940,-0.238440096242273,-0.224752990854773,-0.210524431653520,-0.195788697626932,-0.180581289311473,-0.164938843327808,-0.148899044169293,-0.132500533456840,-0.115782816880079,-0.098786169050192,-0.081551536494726,-0.064120439029057,-0.046534869742973,-0.028837193844086,-0.011070046602430,0.006723769357345,0.024501387168296,0.042219978989247,0.059836859179530,0.077309587131626,0.094596069513820,0.111654661676450,0.128444267977365,0.144924440784858,0.161055477919531,0.176798518300317,0.192115635564241,0.206969929434361,0.221325614615785,0.235148107005584,0.248404107008946,0.261061679760812,0.273090332059780,0.284461085828894,0.295146547926375,0.305120976138103,0.314360341192864,0.322842384650972,0.330546672526800,0.337454644516038,0.343549658709100,0.348817031682935,0.353244073874682,0.356820120151937,0.359536555505995,0.361386835806156,0.362366503565112,0.362473198677422,0.361706664105216,0.360068746497418,0.357563391741010,0.354196635455045,0.349976588450307,0.344913417189663,0.339019319296162,0.332308494167892,0.324797108770386,0.316503258688985,0.307446924534992,0.297649923810625,0.287135858348747,0.275930057453980,0.264059516882195,0.251552833805368,0.238440137918496,0.224753018854517,0.210524450082123,0.195788709469790,0.180581296707395,0.164938847784362,0.148899046730373,0.132500534831253,0.115782817538768,0.098786169298574,0.081551536525624,0.064120438960774,0.046534869646246,0.028837193760934,0.011070046559305,-0.006723769340204,-0.024501387069796,-0.042219978781453,-0.059836858821732,-0.077309586563564,-0.094596068647189,-0.111654660383761,-0.128444266077158,-0.144924438022089,-0.161055473939768,-0.176798512616155,-0.192115627512061,-0.206969918119283,-0.221325598842342,-0.235148085191294,-0.248404077077576,-0.261061639011701,-0.273090277009025,-0.284461012017539,-0.295146449689680,-0.305120846328525,-0.314360170847214,-0.322842162589255,-0.330546384866160,-0.337454274077056,-0.343549184280170,-0.348816427084806,-0.353243306724360,-0.356819150170530,-0.359535332187302,-0.361385295234329,-0.362364563502225,-0.362470747617278,-0.361703536515967,-0.360064748140320,-0.358919885342372
-0.357188458364631,-0.354997751597587,-0.349974737532733,-0.344108223102489,-0.337412511380762,-0.329903774932878,-0.321600141409740,-0.312521645719103,-0.302690181272028,-0.292129449815813,-0.280864906217523,-0.268923698143926,-0.256334601253879,-0.243127950307166,-0.229335566427762,-0.214990680716265,-0.200127854409316,-0.184782895792077,-0.168992774074790,-0.152795530448076,-0.136230186535650,-0.119336650467976,-0.102155620805418,-0.084728488544405,-0.067097237444539,-0.049304342918523,-0.031392669730061,-0.013405368747601,0.004614226996104,0.022622706687134,0.040576686303868,0.058432913128101,0.076148369941433,0.093680378655450,0.110986703125685,0.128025650901423,0.144756173666026,0.161137966125703,0.177131563108385,0.192698434638753,0.207801078760327,0.222403111880984,0.236469356424242,0.249965925575148,0.262860304916606,0.275121430759470,0.286719764977706,0.297627366168336,0.307817956964730,0.317266987341089,0.325951693755613,0.333851153989868,0.340946337552244,0.347220151524079,0.352657481737995,0.357245229189254,0.360972341592409,0.363829840007224,0.365810840469730,0.366910570576299,0.367126380980779,0.366457751777004,0.364906293751289,0.362475744501911,0.359171959434902,0.355002897657867,0.349978602805792,0.344111178845054,0.337414760913898,0.329905481269658,0.321601430424732,0.312522613564955,0.302690902355354,0.292129982249388,0.280865295428621,0.268923979510276,0.256334802170339,0.243128091839707,0.229335664640346,0.214990747737462,0.200127899292360,0.184782925208804,0.168992792873467,0.152795542098269,0.136230193479152,0.119336654392070,0.102155622852660,0.084728489471210,0.067097237739132,0.049304342887175,0.031392669559045,0.013405368546986,-0.004614227161895,-0.022622706778044,-0.040576686289103,-0.058432912974724,-0.076148369604676,-0.093680378069076,-0.110986702190929,-0.128025649473055,-0.144756171534061,-0.161137962991065,-0.177131558550625,-0.192698428073576,-0.207801069384304,-0.222403098600401,-0.236469337764562,-0.249965899567050,-0.262860268954006,-0.275121381424337,-0.286719697825789,-0.297627275469107,-0.307817835387756,-0.317266825579512,-0.325951480075184,-0.333850873688764,-0.340945972312558,-0.347219678630083,-0.352656873127744,-0.357244450290070,-0.360971349857542,-0.363828583011660,-0.365809253357580,-0.366908572662501,-0.367123871399721,-0.366454603320804,-0.364902339335205,-0.362470747617278,-0.359165685987851,-0.357188458364631
-0.354596533104675,-0.351580155297670,-0.344912017325337,-0.337412511380762,-0.329099902952240,-0.319994255736715,-0.310117548659089,-0.299493612400760,-0.288148068915861,-0.276108272103325,-0.263403243925628,-0.250063605569136,-0.236121504325899,-0.221610536649303,-0.206565667634668,-0.191023147127954,-0.175020422674346,-0.158596049530244,-0.141789597967537,-0.124641558101687,-0.107193242477952,-0.089486686653878,-0.071564548020311,-0.053470003107248,-0.035246643624352,-0.016938371488837,0.001410706904245,0.019756386912738,0.038054472121503,0.056260880801971,0.074331752099423,0.092223551691147,0.109893176660127,0.127298059330974,0.144396269817462,0.161146617034278,0.177508747929390,0.193443244697793,0.208911719742336,0.223876908152770,0.238302757480199,0.252154514590621,0.265398809388311,0.278003735207341,0.289938925677564,0.301175627879883,0.311686771614576,0.321447034615784,0.330432903555085,0.338622730687164,0.345996786001134,0.352537304751867,0.358228530256818,0.363056751855258,0.367010337938458,0.370079763971251,0.372257635437477,0.373538705654014,0.373919888410504,0.373400265404299,0.371981088452733,0.369665776477390,0.366459907267614,0.362371204043134,0.357409516848145,0.351586798821693,0.344917077401512,0.337416420530704,0.329102897948649,0.319996537659427,0.310119277682598,0.299494913202591,0.288149039244024,0.276108989011045,0.263403768039251,0.250063984318811,0.236121774557137,0.221610726758746,0.206565799308810,0.191023236755352,0.175020482492955,0.158596088558353,0.141789622755203,0.124641573331798,0.107193251441347,0.089486691619824,0.071564550521133,0.053470004153570,0.035246643865146,0.016938371328375,-0.001410707222458,-0.019756387246721,-0.038054472389532,-0.056260880953909,-0.074331752096386,-0.092223551490148,-0.109893176200983,-0.127298058523205,-0.144396268525151,-0.161146615056935,-0.177508744976752,-0.193443240356281,-0.208911713430537,-0.223876899062883,-0.238302744501861,-0.252154496212950,-0.265398783575378,-0.278003699241601,-0.289938875965056,-0.301175559710237,-0.311686678868008,-0.321446909408248,-0.330432735811414,-0.338622507630211,-0.345996491542193,-0.352536918763885,-0.358228027706903,-0.363056101766731,-0.367009502143754,-0.370078695599957,-0.372256277046838,-0.373536986844295,-0.373917722710711,-0.373397546297630,-0.371977684679304,-0.369661526000537,-0.366454603320804,-0.362364563502225,-0.357401298759957,-0.354596533104675
-0.351150353737482,-0.347315531996947,-0.339018261425716,-0.329903774932878,-0.319994255736715,-0.309313607067959,-0.297887602908488,-0.285743809742030,-0.272911514495194,-0.259421656025718,-0.245306752566342,-0.230600824408604,-0.215339312565924,-0.199558993905206,-0.183297893001266,-0.166595190918729,-0.149491131142316,-0.132026922893209,-0.114244642075943,-0.096187130102514,-0.077897890842386,-0.059420985950072,-0.040800928825351,-0.022082577464408,-0.003311026462845,0.015468501566572,0.034210764897278,0.052870611648722,0.071403088538052,0.089763549159869,0.107907761531670,0.125792014644609,0.143373223761882,0.160609034210259,0.177457923414132,0.193879300925825,0.209833606210877,0.225282403952512,0.240188476645561,0.254515914256671,0.268230200734759,0.281298297163252,0.293688721353791,0.305371623689632,0.316318859036027,0.326504054544356,0.335902673186654,0.344492072867478,0.352251560970713,0.359162444209907,0.365208073662040,0.370373884876242,0.374647432960839,0.378018422564183,0.380478732677059,0.382022436196910,0.382645814206747,0.382347364934343,0.381127807370138,0.378990079535124,0.375939331402899,0.371982912492928,0.367130354164906,0.361393346656880,0.354785710922439,0.347323365334827,0.339024287338190,0.329908470138335,0.319997874537348,0.309316376028097,0.297889707276080,0.285745396127180,0.272912699290670,0.259422531857242,0.245307392821844,0.230601286790755,0.215339642061512,0.199559225273037,0.183298052831586,0.166595299325902,0.149491203152198,0.132026969576350,0.114244671466807,0.096187147937389,0.077897901144128,0.059420991484813,0.040800931453685,0.022082578407042,0.003311026498071,-0.015468501958705,-0.034210765431635,-0.052870612162303,-0.071403088939415,-0.089763549394082,-0.107907761555505,-0.125792014407787,-0.143373223191002,-0.160609033192583,-0.177457921778693,-0.193879298419406,-0.209833602466291,-0.225282398446325,-0.240188468641963,-0.254515902733687,-0.268230184288317,-0.281298273883959,-0.293688688670480,-0.305371578172946,-0.316318796154476,-0.326503968364390,-0.335902556007353,-0.344491914779367,-0.352251349326809,-0.359162162995161,-0.365207702744515,-0.370373399119481,-0.374646801171974,-0.378017606246745,-0.380477684549911,-0.382021098425436,-0.382644116256206,-0.382345220891311,-0.381125112539162,-0.378986706285428,-0.375935124688484,-0.371977684679304,-0.367123871399720,-0.361385295234329,-0.354775859636600,-0.351150353737482
-0.346858222410997,-0.342214166238715,-0.332307696854639,-0.321600141409740,-0.310117548659089,-0.297887602908488,-0.284939809509821,-0.271305402737212,-0.257017262582668,-0.242109837265480,-0.226619062138541,-0.210582274027980,-0.194038121824675,-0.177026473857618,-0.159588322305541,-0.141765684850472,-0.123601503800804,-0.105139542933573,-0.086424282314210,-0.067500811354164,-0.048414720368261,-0.029211990896002,-0.009938885053745,0.009358165812778,0.028632672904343,0.047838201900219,0.066928484773709,0.085857531219215,0.104579739419963,0.123050005887451,0.141223834106199,0.159057441720576,0.176507866004297,0.193533067357560,0.210092030581799,0.226144863687551,0.241652893997055,0.256578761309788,0.270886507906362,0.284541665173826,0.297511336643643,0.309764277242240,0.321270968563212,0.332003689979811,0.341936585426426,0.351045725688154,0.359309166048404,0.366706999155666,0.373221402982087,0.378836683758301,0.383539313781112,0.387317964002911,0.390163531324358,0.392069160524542,0.393030260775810,0.393044516703479,0.392111893963772,0.390234639326559,0.387417275262689,0.383666589048965,0.378991616416998,0.373403619785336,0.366916061127318,0.359544569539992,0.351306903592259,0.342222908542922,0.332314468531719,0.321605453858513,0.310121663477652,0.297890762846023,0.284942217274550,0.271307220943674,0.257018621753839,0.242110842192031,0.226619796404982,0.210582803678852,0.194038498533798,0.177026737650034,0.159588503849598,0.141765807365148,0.123601584633635,0.105139594858679,0.086424314590824,0.067500830579652,0.048414731155888,0.029211996405167,0.009938887398053,-0.009358165256821,-0.028632673267983,-0.047838202655242,-0.066928485612840,-0.085857531972107,-0.104579739995019,-0.123050006231656,-0.141223834176757,-0.159057441463455,-0.176507865335712,-0.193533066145086,-0.210092028622126,-0.226144860678003,-0.241652889497824,-0.256578754693519,-0.270886498291199,-0.284541651335424,-0.297511316900885,-0.309764249310624,-0.321270929368981,-0.332003635427042,-0.341936510108359,-0.351045622533133,-0.359309025889857,-0.366706810214484,-0.373221150248435,-0.378836348258095,-0.383538871709708,-0.387317385705025,-0.390162780095030,-0.392068191201847,-0.393029018091136,-0.393042933343203,-0.392109888262733,-0.390232112452827,-0.387414107732978,-0.383662636660147,-0.378986706285428,-0.373397546297630,-0.366908572662501,-0.359535332187302,-0.351295704817892,-0.346858222410997
-0.341730479245532,-0.336288355120374,-0.324796510930685,-0.312521645719103,-0.299493612400760,-0.285743809742030,-0.271305402737212,-0.256213217299386,-0.240503646369109,-0.224214563739400,-0.207385234648003,-0.190056221972498,-0.172269288946878,-0.154067298979171,-0.135494112831936,-0.116594483368975,-0.097413948101872,-0.077998719797037,-0.058395575414174,-0.038651743649204,-0.018814791355675,0.001067490879544,0.020947203728315,0.040776454401238,0.060507471934800,0.080092722204720,0.099485022385268,0.118637654575862,0.137504478318545,0.156040041732892,0.174199690998622,0.191939677920451,0.209217265314735,0.225990829962945,0.242219962883177,0.257865566677542,0.272889949720532,0.287256916961151,0.300931857119913,0.313881826070499,0.326075626205148,0.337483881592546,0.348079108747120,0.357835782839257,0.366730399186927,0.374741529880570,0.381849875404859,0.388038311132943,0.393291928581200,0.397598071325094,0.400946365489620,0.403328744740884,0.404739469718615,0.405175141862786,0.404634711601047,0.403119480877241,0.400633100014900,0.397181558923307,0.392773172667269,0.387418561435409,0.381130624955192,0.373924511416357,0.365817580977601,0.356829363944434,0.346981513718964,0.336297754634954,0.324803824803824,0.312527414109287,0.299498097499992,0.285747263740886,0.271308039794923,0.256215211017319,0.240505137354574,0.224215665750183,0.207386038968034,0.190056801053148,0.172269699657533,0.154067585466425,0.135494308967246,0.116594614809936,0.097414034013182,0.077998774276214,0.058395608660427,0.038651762909001,0.018814801675988,-0.001067486061050,-0.020947202128788,-0.040776454548901,-0.060507472913843,-0.080092723469646,-0.099485023628472,-0.118637655634969,-0.137504479112526,-0.156040042218174,-0.174199691138210,-0.191939677660539,-0.209217264564352,-0.225990828572890,-0.242219960620880,-0.257865563194592,-0.272889944509411,-0.287256909297357,-0.300931845985069,-0.313881810051339,-0.326075603362469,-0.337483849293311,-0.348079063452001,-0.357835719836943,-0.366730312265626,-0.374741410926228,-0.381849713914726,-0.388038093632240,-0.393291637929490,-0.397597685897452,-0.400945858215440,-0.403328081980229,-0.404738609952917,-0.405174034174579,-0.404633293915651,-0.403117677931172,-0.400630820985253,-0.397178694593540,-0.392769591999492,-0.387414107732978,-0.381125112539162,-0.373917722710711,-0.365809253357580,-0.356819150170530,-0.346969225130222,-0.341730479245532
-0.335779477423509,-0.329552379596932,-0.316502813589605,-0.302690181272028,-0.288148068915861,-0.272911514495194,-0.257017262582668,-0.240503646369109,-0.223410483502491,-0.205778981543879,-0.187651640511507,-0.169072151175022,-0.150085290132335,-0.130736812306127,-0.111073341131576,-0.091142256640266,-0.070991581680432,-0.050669866544902,-0.030226072289663,-0.009709453027947,0.010830562514801,0.031344489898480,0.051782908030239,0.072096578101400,0.092236562109796,0.112154340678695,0.131801929885157,0.151131996813207,0.170097973550553,0.188654169351668,0.206755880694791,0.224359498965902,0.241422615508761,0.257904123786784,0.273764318409787,0.288964990786407,0.303469521171305,0.317242966885137,0.330252146494542,0.342465719749239,0.353854263083602,0.364390340500759,0.374048569668457,0.382805683067439,0.390640584045022,0.397534397638857,0.403470516048414,0.408434638644662,0.412414806421570,0.415401430806412,0.417387316759493,0.418367680107637,0.418340159069690,0.417304819946253,0.415264156959968,0.412223086246714,0.408188934012209,0.403171418882537,0.397182628491131,0.390236990358598,0.382351237135568,0.373544366292264,0.363837594351940,0.353254305778413,0.341819996640842,0.329562213191468,0.316510485504276,0.302696256334459,0.288152805370072,0.272915169058345,0.257020056199811,0.240505759513595,0.223412063386897,0.205780148030918,0.187652490274128,0.169072761231861,0.150085721098781,0.130737111317647,0.111073544384181,0.091142391553480,0.070991668718526,0.050669920735705,0.030226104476007,0.009709470883672,-0.010830553673614,-0.031344486477103,-0.051782907665087,-0.072096579289532,-0.092236563934381,-0.112154342609750,-0.131801931637939,-0.151131998249603,-0.170097974611515,-0.188654170011080,-0.206755880927179,-0.224359498721944,-0.241422614693727,-0.257904122237835,-0.273764315868435,-0.288964986862554,-0.303469515295070,-0.317242958242251,-0.330252133940469,-0.342465701696416,-0.353854237355310,-0.364390304144221,-0.374048518718780,-0.382805612253107,-0.390640486424739,-0.397534264158730,-0.403470335007741,-0.408434395057900,-0.412414481263243,-0.415401000124633,-0.417386750642040,-0.418366941482382,-0.418339202319357,-0.417303589317457,-0.415262584747833,-0.412221090731777,-0.408186417097644,-0.403168263320795,-0.397178694593540,-0.390232112452827,-0.382345220891311,-0.373536986844295,-0.363828583011660,-0.353243306724359,-0.341806848328595,-0.335779477423509
-0.329019553429565,-0.322022470957995,-0.307446595949246,-0.292129449815813,-0.276108272103325,-0.259421656025718,-0.242109837265480,-0.224214563739400,-0.205778981543879,-0.186847532354713,-0.167465848208101,-0.147680642165274,-0.127539596013411,-0.107091245702167,-0.086384864800682,-0.065470346183704,-0.044398082194422,-0.023218843566130,-0.001983657397326,0.019256315523558,0.040449903747758,0.061546048253476,0.082493925293220,0.103243068703067,0.123743491376255,0.143945805605105,0.163801341997957,0.183262266681296,0.202281696501688,0.220813811947230,0.238813967514154,0.256238799250705,0.273046329217660,0.289196066612594,0.304649105313347,0.319368217605061,0.333317943864490,0.346464677985250,0.358776748337990,0.370224494070322,0.380780336562646,0.390418845867665,0.399116801973538,0.406853250743069,0.413609554394166,0.419369436399977,0.424119020700530,0.427846865131423,0.430543988989025,0.432203894665806,0.432822583303654,0.432398564427483,0.430932859535928,0.428428999640467,0.424893016758909,0.420333429383737,0.414761221960314,0.408189818424393,0.400635049862680,0.392115116374360,0.382650543225466,0.372264131401713,0.360980902678925,0.348828039343391,0.335834818707351,0.322032542577389,0.307454461845638,0.292135696385472,0.276113150444648,0.259425423739748,0.242112718466077,0.224216742447053,0.205780608656409,0.186848731355264,0.167466719094277,0.147681264838651,0.127540033480699,0.107091547010937,0.086385067624370,0.065470479043548,0.044398166344318,0.023218894573778,0.001983686452851,-0.019256300541893,-0.040449897421028,-0.061546046952779,-0.082493926664260,-0.103243071277098,-0.123743494282463,-0.143945808362583,-0.163801344368581,-0.183262268567932,-0.202281697878980,-0.220813812814764,-0.238813967863869,-0.256238799042153,-0.273046328355917,-0.289196064924461,-0.304649102517929,-0.319368213274844,-0.333317937372878,-0.346464668436001,-0.358776734471343,-0.370224474139816,-0.380780308175673,-0.390418805781891,-0.399116745840345,-0.406853172788264,-0.413609447025408,-0.419369289729678,-0.424118821972457,-0.427846598038820,-0.430543632871680,-0.432203423572787,-0.432821964907416,-0.432397758773667,-0.430931817612613,-0.428427661752592,-0.424891310697730,-0.420331268379335,-0.414758502377051,-0.408186417097644,-0.400630820985254,-0.392109888262733,-0.382644116256206,-0.372256277046838,-0.360971349857542,-0.348816427084806,-0.335821014712579,-0.329019553429565
-0.321466992512699,-0.313716772252349,-0.297649683560740,-0.280864906217523,-0.263403243925628,-0.245306752566342,-0.226619062138541,-0.207385234648003,-0.187651640511507,-0.167465848208101,-0.146876511592044,-0.125933253217357,-0.104686544948004,-0.083187586617236,-0.061488183036455,-0.039640619567541,-0.017697536514448,0.004288197372830,0.026263611975902,0.048175763160137,0.069971860095257,0.091599392238278,0.113006255672435,0.134140878495897,0.154952344955405,0.175390518022463,0.195406160113297,0.214951051658330,0.233978107232355,0.252441488962763,0.270296716940161,0.287500776363316,0.304012221158654,0.319791273823395,0.334799921250830,0.349002006306199,0.362363314932074,0.374851658573081,0.386436951721197,0.397091284394685,0.406788989375989,0.415506704046578,0.423223426669770,0.429920566985931,0.435581990998171,0.440194059840658,0.443745662635913,0.446228243261941,0.447635820964709,0.447965004766336,0.447215001634275,0.445387618391800,0.442487257365229,0.438520905778332,0.433498118919504,0.427430997122237,0.420334156614363,0.412224694306278,0.403122146602987,0.393048442339198,0.382027849950836,0.370086919010254,0.357254416265990,0.343561256341151,0.329040427257373,0.313726910963795,0.297657599062473,0.280871203933284,0.263408165472407,0.245310553669078,0.226621967255295,0.207387428672655,0.187653275609352,0.167467049368626,0.146877380337598,0.125933870832411,0.104686975601908,0.083187880277720,0.061488378063606,0.039640744961089,0.017697613832000,-0.004288152398681,-0.026263588094226,-0.048175752504978,-0.069971857307207,-0.091599393774728,-0.113006259276904,-0.134140882798265,-0.154952349177339,-0.175390521765339,-0.195406163209149,-0.214951054067578,-0.233978108974972,-0.252441490072225,-0.270296717431694,-0.287500776209746,-0.304012220268441,-0.319791272016309,-0.334799918227151,-0.349002001605385,-0.362363307876622,-0.374851648192785,-0.386436936652302,-0.397091262747610,-0.406788958564341,-0.415506660569248,-0.423223365836938,-0.429920482579002,-0.435581874852947,-0.440193901342528,-0.443745448115565,-0.446227955280008,-0.447635437473761,-0.447964498138446,-0.447214337541934,-0.445386754529386,-0.442486141998760,-0.438519476114902,-0.433496299294244,-0.427428697000706,-0.420331268379335,-0.412221090731777,-0.403117677931172,-0.393042933343202,-0.382021098425436,-0.370078695599957,-0.357244450290069,-0.343549184280170,-0.329026147504940,-0.321466992512699
-0.313139989453688,-0.304655294847399,-0.287135684563619,-0.268923698143926,-0.250063605569136,-0.230600824408604,-0.210582274027980,-0.190056221972498,-0.169072151175022,-0.147680642165274,-0.125933253217357,-0.103882396637608,-0.081581212586283,-0.059083441260514,-0.036443293755415,-0.013715321823558,0.009045713202642,0.031784972021493,0.054447669188284,0.076979204839721,0.099325296000890,0.121432107159917,0.143246379795854,0.164715560546287,0.185787927703253,0.206412715729457,0.226540237491284,0.246122003910661,0.265110840744229,0.283461002205544,0.301128281154031,0.318070115583082,0.334245691149076,0.349616039492950,0.364144132116505,0.377794969586553,0.390535665851538,0.402335527467171,0.413166127540033,0.423001374210878,0.431817573512608,0.439593486451453,0.446310380173845,0.451952073095712,0.456504973885495,0.459958114206977,0.462303175143043,0.463534507236749,0.463649144101395,0.462646809566839,0.460529918344841,0.457303570211817,0.452975537723042,0.447556247487891,0.441058755051225,0.433498713441446,0.424894335460975,0.415266349810027,0.404637951149347,0.393034744222248,0.380484682170539,0.367017999192958,0.352667137708341,0.337466670198992,0.321453215922543,0.304665352692962,0.287143523943209,0.268929941293476,0.250068482859686,0.230604587547275,0.210585145584888,0.190058385561709,0.169073758240566,0.147681817426715,0.125934098179293,0.103882992658847,0.081581623910035,0.059083717883558,0.036443474005642,0.013715434606881,-0.009045646475006,-0.031784935801953,-0.054447652434078,-0.076979199901731,-0.099325297733116,-0.121432112220618,-0.143246386110796,-0.164715566905578,-0.185787933465540,-0.206412720610244,-0.226540241415366,-0.246122006911937,-0.265110842899190,-0.283461003589449,-0.301128281811060,-0.318070115503597,-0.334245690248423,-0.349616037587151,-0.364144128890584,-0.377794964551329,-0.390535658284432,-0.402335516332056,-0.413166111380415,-0.423001351009845,-0.431817540512050,-0.439593439922111,-0.446310315126881,-0.451951982925739,-0.456504849934426,-0.459957945237747,-0.462302946712236,-0.463534200955377,-0.463648736773508,-0.462646272195943,-0.460529214998158,-0.457302656732546,-0.452974360282222,-0.447554740972481,-0.441056841293253,-0.433496299294244,-0.424891310697729,-0.415262584747833,-0.404633293915651,-0.393029018091136,-0.380477684549911,-0.367009502143754,-0.352656873127744,-0.337454274077056,-0.321438618346956,-0.313139989453688
-0.304058604732258,-0.294859870371185,-0.275929933235441,-0.256334601253879,-0.236121504325899,-0.215339312565924,-0.194038121824675,-0.172269288946878,-0.150085290132335,-0.127539596013411,-0.104686544948004,-0.081581212586283,-0.058279279220640,-0.034836895808631,-0.011310549002364,0.012243074588736,0.035767224628338,0.059205223461691,0.082500602374027,0.105597237371360,0.128439484159037,0.150972311995062,0.173141436096320,0.194893448277567,0.216175945505984,0.236937656058364,0.257128562973476,0.276700024498666,0.295604891237189,0.313797619711024,0.331234382062994,0.347873171631696,0.363673904143175,0.378598514274185,0.392611047353422,0.405677745979090,0.417767131343651,0.428850079069519,0.438899889372822,0.447892351386092,0.455805801484862,0.462621175477659,0.468322054533633,0.472894704737214,0.476328110174508,0.478613999471735,0.479746865721788,0.479723979750931,0.478545396693659,0.476213955859910,0.472735273894942,0.468117731248355,0.462372451984866,0.455513276985468,0.447556730603540,0.438521980856236,0.428430793247051,0.417307478330824,0.405178833147478,0.392074076665602,0.378024779391405,0.363064787312594,0.347230140360426,0.330558985586362,0.313091485262472,0.294869720127010,0.275937588008225,0.256340698070651,0.236126260938631,0.215342974961793,0.194040908896456,0.172271381285613,0.150086836828066,0.127540720034552,0.104687346475237,0.081581771928750,0.058279659747993,0.034837146762251,0.011310708038655,-0.012242979171193,-0.035767171971676,-0.059205198521749,-0.082500594562347,-0.105597239443689,-0.128439491324785,-0.150972321219414,-0.173141445565636,-0.194893456999444,-0.216175953017473,-0.236937662218773,-0.257128567821430,-0.276700028156403,-0.295604893848159,-0.313797621399641,-0.331234382907705,-0.347873171644414,-0.363673903249464,-0.378598512289475,-0.392611043950957,-0.405677740645355,-0.417767123316725,-0.428850067255267,-0.438899872233074,-0.447892326792093,-0.455805766528367,-0.462621126231133,-0.468321985750232,-0.472894609480548,-0.476327979367806,-0.478613821355902,-0.479746625212105,-0.479723657682698,-0.478544968947890,-0.476213392360931,-0.472734537472245,-0.468116776355721,-0.462371223271913,-0.455511707722843,-0.447554740972482,-0.438519476114902,-0.428427661752592,-0.417303589317457,-0.405174034174579,-0.392068191201846,-0.378017606246744,-0.363056101766731,-0.347219678630083,-0.330546384866159,-0.313076708024622,-0.304058604732258
-0.294244716199641,-0.284354098221762,-0.264059429254983,-0.243127950307166,-0.221610536649303,-0.199558993905206,-0.177026473857618,-0.154067298979171,-0.130736812306127,-0.107091245702167,-0.083187586617236,-0.059083441260514,-0.034836895808631,-0.010506376598882,0.013849490343026,0.038172020207094,0.062402610452723,0.086482881686262,0.110354818023728,0.133960906601719,0.157244275903429,0.180148832569307,0.202619396363738,0.224601832971728,0.246043184303294,0.266891795988488,0.287097441752362,0.306611444366676,0.325386792883599,0.343378255865900,0.360542490338200,0.376838146194592,0.392225965809321,0.406668878609210,0.420132090378966,0.432583167083534,0.443992113005080,0.454331443006060,0.463576248744116,0.471704258679174,0.478695891728150,0.484534304438000,0.489205431563456,0.492698019951732,0.495003655652573,0.496116784188356,0.496034723935425,0.494757672584438,0.492288706664165,0.488633774129900,0.483801680034340,0.477804065315460,0.470655378752481,0.462372842157507,0.452976408886675,0.442488715770774,0.430935028581137,0.418343181162192,0.404743508377290,0.390168773029360,0.374654086932453,0.358236826324303,0.340956541823697,0.322854863149571,0.303975398831372,0.284363631152288,0.264066806578446,0.243133821938035,0.221615106624569,0.199562501108055,0.177029132046761,0.154069284300449,0.130738270153385,0.107092296062208,0.083188327249650,0.059083950470327,0.034837235279207,0.010506594136962,-0.013849358310753,-0.038171946441116,-0.062402575008841,-0.086482870307236,-0.110354820795554,-0.133960916853834,-0.157244289328552,-0.180148846535299,-0.202619409388418,-0.224601844332041,-0.246043193752241,-0.266891803556088,-0.287097447610173,-0.306611448738745,-0.325386795989807,-0.343378257886508,-0.360542491390757,-0.376838146316242,-0.392225964938935,-0.406668876564602,-0.420132086824916,-0.432583161486337,-0.443992104569019,-0.454331430586655,-0.463576230732217,-0.471704232849125,-0.478695855042343,-0.484534252799288,-0.489205359506193,-0.492697920261667,-0.495003518905587,-0.496116598198149,-0.496034473100756,-0.494757337127422,-0.492288261752260,-0.488633188875350,-0.483800916365706,-0.477803076716899,-0.470654108869102,-0.462371223271913,-0.452974360282222,-0.442486141998760,-0.430931817612613,-0.418339202319357,-0.404738609952917,-0.390162780095030,-0.374646801171974,-0.358228027706903,-0.340945972312558,-0.322842162589255,-0.303960562537972,-0.294244716199641
-0.283721966372905,-0.273163288792709,-0.251552772883940,-0.229335566427762,-0.206565667634668,-0.183297893001266,-0.159588322305541,-0.135494112831936,-0.111073341131576,-0.086384864800682,-0.061488183036455,-0.036443293755415,-0.011310549002364,0.013849490343026,0.038976200197272,0.064009039001781,0.088887693258440,0.113552222536193,0.137943203599935,0.162001873315866,0.185670269992439,0.208891372819550,0.231609239071389,0.253769138741691,0.275317686284799,0.296202969142024,0.316374672740131,0.335784201657242,0.354384796660844,0.372131647332869,0.388982000007835,0.404895260761792,0.419833093202178,0.433759510821649,0.446640963692378,0.458446419291309,0.469147437261145,0.478718237926725,0.487135764401525,0.494379738134612,0.500432707764186,0.505280091160029,0.508910210553587,0.511314320671076,0.512486629801863,0.512424313751386,0.511127522645008,0.508599380566446,0.504845978031640,0.499876357316205,0.493702490671831,0.486339251484091,0.477804378441172,0.468118432799827,0.457304748851509,0.445389377708027,0.432401024542134,0.418370979434257,0.403333041991949,0.387323439923679,0.370380741763104,0.352545763954100,0.333861472520368,0.314372879556523,0.294126934790014,0.273172412475119,0.251559793891494,0.229341145730349,0.206569994661228,0.183301198381575,0.159590813459733,0.135495960289765,0.111074685483418,0.086385822030754,0.061488847566325,0.036443741082340,0.011310838434021,-0.013849313014749,-0.038976100255332,-0.064008990656371,-0.088887677792188,-0.113552226726234,-0.137943218399567,-0.162001892776536,-0.185670290402781,-0.208891392034543,-0.231609256002863,-0.253769152981737,-0.275317697835523,-0.296202978227900,-0.316374679682506,-0.335784206793841,-0.354384800296317,-0.372131649709221,-0.388982001285992,-0.404895261007419,-0.419833092370245,-0.433759508735097,-0.446640960010641,-0.458446413464425,-0.469147428464894,-0.478718224973595,-0.487135745621597,-0.494379711219561,-0.500432669566767,-0.505280037440617,-0.508910135664724,-0.511314217170587,-0.512486487985045,-0.512424121093072,-0.511127263143122,-0.508599033979797,-0.504845519006200,-0.499875754395519,-0.493701705188350,-0.486338236329526,-0.477803076716899,-0.468116776355721,-0.457302656732546,-0.445386754529386,-0.432397758773667,-0.418366941482382,-0.403328081980229,-0.387317385705025,-0.370373399119481,-0.352536918763885,-0.333850873688764,-0.314360170847214,-0.294112144640537,-0.283721966372905
-0.272515705478067,-0.261314402558801,-0.238440096242273,-0.214990680716265,-0.191023147127954,-0.166595190918729,-0.141765684850472,-0.116594483368975,-0.091142256640266,-0.065470346183704,-0.039640619567541,-0.013715321823558,0.012243074588736,0.038172020207094,0.064009039001781,0.089691878575199,0.115158659827178,0.140348025740397,0.165199288927997,0.189652577589259,0.213648979525376,0.237130683871830,0.260041120207480,0.282325094704667,0.303928922990159,0.324800559393738,0.344889722269545,0.364148015084649,0.382529042979737,0.399988524518004,0.416484398350350,0.431976924537691,0.446428780284515,0.459805149851703,0.472073808431036,0.483205199778648,0.493172507419955,0.501951719254272,0.509521685403315,0.515864169164186,0.520963890944054,0.524808565070714,0.527388929390369,0.528698767581357,0.528734924130095,0.527497311933192,0.524988912507429,0.521215768807125,0.516186970666200,0.509914632900010,0.502413866119734,0.493702740329602,0.483802241394691,0.472736220484144,0.460531336611619,0.447216992411400,0.432825263304868,0.417390820228013,0.400950846106107,0.383544946276782,0.365215053077305,0.346005324825904,0.325962039440510,0.305133482951200,0.283569833174924,0.261323038832746,0.238446694400826,0.214995910996630,0.191027183611426,0.166598255008898,0.141767976617771,0.116596166753566,0.091143466511038,0.065471193674467,0.039641194997746,0.013715697210135,-0.012242842893377,-0.038171888915963,-0.064008975514606,-0.089691858884578,-0.115158666710204,-0.140348047220674,-0.165199316991800,-0.189652607137664,-0.213649007539933,-0.237130708767398,-0.260041141343797,-0.282325112028406,-0.303928936781038,-0.324800570091078,-0.344889730358913,-0.364148021027599,-0.382529047172807,-0.399988527269982,-0.416484399869206,-0.431976924920456,-0.446428779504732,-0.459805147739929,-0.472073804644235,-0.483205193754294,-0.493172498310312,-0.501951705835715,-0.509521665954798,-0.515864141308130,-0.520963851442123,-0.524808509566228,-0.527388852088590,-0.528698660858635,-0.528734778062969,-0.527497113739081,-0.524988645889568,-0.521215413197840,-0.516186500364352,-0.509914016100100,-0.502413063831503,-0.493701705188350,-0.483800916365706,-0.472734537472245,-0.460529214998158,-0.447214337541934,-0.432821964907416,-0.417386750642040,-0.400945858215440,-0.383538871709708,-0.365207702744515,-0.345996491542193,-0.325951480075184,-0.305120846328525,-0.283555180981094,-0.272515705478068
