-0.170961888760301,-0.170910398235745,-0.170498660116412,-0.169676175790940,-0.168444926696110,-0.166807879018836,-0.164768976550361,-0.162333131185318,-0.159506211088547,-0.156295026558169,-0.152707313618985,-0.148751715385713,-0.144437761240964,-0.139775843878133,-0.134777194264481,-0.129453854584758,-0.123818649230521,-0.117885153905056,-0.111667662918313,-0.105181154750668,-0.098441255968448,-0.091464203578164,-0.084266805910142,-0.076866402125782,-0.069280820445999,-0.061528335201479,-0.053627622808213,-0.045597716774377,-0.037457961846943,-0.029227967408489,-0.020927560236482,-0.012576736738826,-0.004195614780775,0.004195614780775,0.012576736738827,0.020927560236482,0.029227967408490,0.037457961846943,0.045597716774377,0.053627622808213,0.061528335201479,0.069280820445999,0.076866402125782,0.084266805910142,0.091464203578164,0.098441255968448,0.105181154750668,0.111667662918313,0.117885153905056,0.123818649230521,0.129453854584758,0.134777194264481,0.139775843878133,0.144437761240964,0.148751715385713,0.152707313618986,0.156295026558169,0.159506211088547,0.162333131185318,0.164768976550361,0.166807879018836,0.168444926696110,0.169676175790940,0.170498660116412,0.170910398235745,0.170910398235745,0.170498660116412,0.169676175790940,0.168444926696110,0.166807879018836,0.164768976550361,0.162333131185318,0.159506211088547,0.156295026558169,0.152707313618985,0.148751715385713,0.144437761240964,0.139775843878133,0.134777194264481,0.129453854584758,0.123818649230521,0.117885153905056,0.111667662918313,0.105181154750668,0.098441255968448,0.091464203578164,0.084266805910142,0.076866402125782,0.069280820445999,0.061528335201479,0.053627622808213,0.045597716774377,0.037457961846943,0.029227967408490,0.020927560236482,0.012576736738826,0.004195614780775,-0.004195614780775,-0.012576736738827,-0.020927560236482,-0.029227967408490,-0.037457961846943,-0.045597716774377,-0.053627622808213,-0.061528335201479,-0.069280820445999,-0.076866402125782,-0.084266805910142,-0.091464203578164,-0.098441255968448,-0.105181154750668,-0.111667662918313,-0.117885153905056,-0.123818649230521,-0.129453854584758,-0.134777194264481,-0.139775843878133,-0.144437761240964,-0.148751715385713,-0.152707313618986,-0.156295026558169,-0.159506211088547,-0.162333131185318,-0.164768976550361,-0.166807879018836,-0.168444926696110,-0.169676175790940,-0.170498660116412,-0.170910398235745,-0.170961888760301
-0.170910398235745,-0.170417951631861,-0.169125086027613,-0.167424718508175,-0.165320985481893,-0.162818961263435,-0.159924678354009,-0.156645113061754,-0.152988168674696,-0.148962656881409,-0.144578276845267,-0.139845591972844,-0.134776004532911,-0.129381728234956,-0.123675758844178,-0.117671842904840,-0.111384444648271,-0.104828711166809,-0.098020435938973,-0.090976020794625,-0.083712436412249,-0.076247181443807,-0.068598240365894,-0.060784040158976,-0.052823405919285,-0.044735515510560,-0.036539853365062,-0.028256163545360,-0.019904402180126,-0.011504689388649,-0.003077260810016,0.005357581146190,0.013779516210170,0.022168255205274,0.030503588926501,0.038765436826343,0.046933895390681,0.054989286088183,0.062912202777677,0.070683558459313,0.078284631256854,0.085697109520358,0.092903135940572,0.099885350568767,0.106626932638400,0.113111641087812,0.119323853686383,0.125248604669856,0.130871620794177,0.136179355720991,0.141159022651962,0.145798625133289,0.150086985956216,0.154013774083905,0.157569529539811,0.160745686197594,0.163534592417667,0.165929529480667,0.167924727773438,0.169515380688534,0.170697656203757,0.171468706113836,0.171826672892002,0.171770694164933,0.171300904790284,0.170418436531808,0.169125415332835,0.167424956194689,0.165321155672375,0.162819082005623,0.159924762909053,0.156645171050880,0.152988207255149,0.148962681467956,0.144578291533518,0.139845599831213,0.134776007829888,0.129381728620719,0.123675757494805,0.117671840636373,0.111384442007020,0.104828708500760,0.098020433453832,0.090976018597169,0.083712434543199,0.076247179902152,0.068598239126382,0.060784039184258,0.052823405167990,0.044735514942358,0.036539852943580,0.028256163239638,0.019904401965150,0.011504689245374,0.003077260725179,-0.005357581180237,-0.013779516195420,-0.022168255137688,-0.030503588795153,-0.038765436611962,-0.046933895063439,-0.054989285604555,-0.062912202076191,-0.070683557454940,-0.078284629833791,-0.085697107522900,-0.092903133161760,-0.099885346736468,-0.106626927398441,-0.113111633983795,-0.119323844135749,-0.125248591935756,-0.130871603952601,-0.136179333622480,-0.141158993876966,-0.145798587939857,-0.150086938218203,-0.154013713217249,-0.157569452413493,-0.160745589023790,-0.163534470610489,-0.165929377463292,-0.167924538703777,-0.169515146080377,-0.170697365438283,-0.171468345647673,-0.171826223815558,-0.171770125330687,-0.171300181255581,-0.170910398235745
-0.170498660116412,-0.169125086027613,-0.166072306580146,-0.162619286691367,-0.158774437626147,-0.154547034702832,-0.149947275097193,-0.144986250548166,-0.139675919878192,-0.134029081350319,-0.128059342662290,-0.121781088535628,-0.115209446249022,-0.108360249330830,-0.101249999526968,-0.093895827137783,-0.086315449821660,-0.078527129968955,-0.070549630752924,-0.062402170966032,-0.054104378751866,-0.045676244344985,-0.037138071933266,-0.028510430759395,-0.019814105580003,-0.011070046602430,-0.002299319020343,0.006476947729677,0.015237610867872,0.023961565204332,0.032627793982279,0.041215419508867,0.049703753451308,0.058072346677028,0.066301038517658,0.074370005338136,0.082259808293853,0.089951440160774,0.097426371125716,0.104666593426457,0.111654664734146,0.118373750173502,0.124807662879578,0.130940902993389,0.136758695002476,0.142247023336429,0.147392666131652,0.152183227083997,0.156607165312560,0.160653823162680,0.164313451881164,0.167577235101893,0.170437310085219,0.172886786660000,0.174919763822618,0.176531343953024,0.177717644613527,0.178475807901927,0.178804007336456,0.178701452255930,0.178168389724521,0.177206103936558,0.175816913122790,0.174004163965566,0.171772223536385,0.169126468775234,0.166073273537075,0.162619993236664,0.158774947128717,0.154547398266094,0.149947531184295,0.144986427366021,0.139676038544911,0.134029157912772,0.128059389299654,0.121781114401037,0.115209458131066,0.108360252185307,0.101249996900805,0.093895821505331,0.086315442851573,0.078527122735684,0.070549623903023,0.062402164847062,0.054104373510357,0.045676239999129,0.037138068425365,0.028510427992457,0.019814103442231,0.011070044982743,0.002299317817471,-0.006476948602474,-0.015237611480876,-0.023961565611009,-0.032627794219573,-0.041215419597458,-0.049703753395296,-0.058072346462605,-0.066301038110372,-0.074370004678336,-0.082259807289858,-0.089951438679273,-0.097426368978770,-0.104666590354431,-0.111654660383761,-0.118373744070152,-0.124807654392944,-0.130940891295340,-0.136758679016173,-0.142247001675515,-0.147392637028319,-0.152183188304631,-0.156607114059432,-0.160653755959739,-0.164313364441270,-0.167577122171704,-0.170437165262531,-0.172886602176565,-0.174919530282879,-0.176531050013229,-0.177717276570965,-0.178475349136540,-0.178803437522084,-0.178700746290056,-0.178167516409307,-0.177205023962715,-0.175815572802950,-0.174002478869432,-0.171770125330687,-0.170498660116412
-0.169676175790940,-0.167424718508175,-0.162619286691367,-0.157421870912048,-0.151845122418164,-0.145902487507294,-0.139608299903977,-0.132977738366912,-0.126026787587597,-0.118772201113654,-0.111231462141690,-0.103422741912083,-0.095364856191777,-0.087077220142272,-0.078579801717356,-0.069893073700336,-0.061037964497084,-0.052035807809170,-0.042908291314089,-0.033677404479911,-0.024365385642167,-0.014994668471720,-0.005587827963645,0.003832473921672,0.013243542833201,0.022622706687134,0.031947370275328,0.041195069691846,0.050343526445731,0.059370701128970,0.068254846509830,0.076974559923215,0.085508834831501,0.093837111431403,0.101939326184771,0.109795960153896,0.117388086024807,0.124697413705246,0.131706334387455,0.138397962969619,0.144756178733777,0.150765664182216,0.156411941938792,0.161681409626285,0.166561372635790,0.171040074709185,0.175106726261020,0.178751530371598,0.181965706388625,0.184741511080585,0.187072257290866,0.188952330047714,0.190377200091192,0.191343434784567,0.191848706383835,0.191891797645458,0.191472604758814,0.190592137596286,0.189252517280388,0.187456971073798,0.185209824604599,0.182516491445463,0.179383460071879,0.175818278230845,0.171829534757692,0.167426838884817,0.162620797092210,0.157422987555508,0.151845932253159,0.145903066799880,0.139608708079082,0.132978019752242,0.126026975728321,0.118772321681213,0.111231534707950,0.103422781224848,0.095364873203014,0.087077222848668,0.078579795837430,0.069893063215268,0.061037952081951,0.052035795175839,0.042908279481455,0.033677393983642,0.024365376694191,0.014994661078538,0.005587822011612,-0.003832478606976,-0.013243546447365,-0.022622709421979,-0.031947372304434,-0.041195071163206,-0.050343527478928,-0.059370701814869,-0.068254846911288,-0.076974560075677,-0.085508834742612,-0.093837111078910,-0.101939325512066,-0.109795959062533,-0.117388084363261,-0.124697411253058,-0.131706330833781,-0.138397957885035,-0.144756171534061,-0.150765654082655,-0.156411927897470,-0.161681390274698,-0.166561346195030,-0.171040038889904,-0.175106678145249,-0.178751466274374,-0.181965621697051,-0.184741400067315,-0.187072112897923,-0.188952143634884,-0.190376961141109,-0.191343130554181,-0.191848321488431,-0.191891313553002,-0.191471999150732,-0.190591383510818,-0.189251581925095,-0.187455814273219,-0.185208397053949,-0.182514732311783,-0.179381288789265,-0.175815572802950,-0.171826223815558,-0.169676175790940
-0.168444926696110,-0.165320985481893,-0.158774437626147,-0.151845122418164,-0.144549896486337,-0.136906340751688,-0.128932888246000,-0.120648766484931,-0.112073946471104,-0.103229096011857,-0.094135531248531,-0.084815165867077,-0.075290458583124,-0.065584359263435,-0.055720253847011,-0.045721908186463,-0.035613410941447,-0.025419115667187,-0.015163582244190,-0.004871517794578,0.005432282770266,0.015722996426063,0.025975831790973,0.036166088814598,0.046269218255418,0.056260880801971,0.066117005694012,0.075813848701242,0.085328049318849,0.094636687041195,0.103717336577316,0.112548121874642,0.121107768820313,0.129375656492820,0.137331866840249,0.144957232665324,0.152233383801527,0.159142791369043,0.165668810003861,0.171795717958321,0.177508754976496,0.182794157853183,0.187639193590845,0.192032190074652,0.195962564191721,0.199420847326828,0.202398708173179,0.204888972803287,0.206885641951617,0.208383905467355,0.209380153902490,0.209871987207304,0.209858220512298,0.209338886982655,0.208315237738341,0.206789738840051,0.204766065348250,0.202249092469634,0.199244883812329,0.195760676778129,0.191804865126959,0.187386978755577,0.182517660739211,0.177208641691466,0.171472711504242,0.165323688535768,0.158776386320967,0.151846577884350,0.144550957741420,0.136907101680123,0.128933424419233,0.120649135245684,0.112074191737712,0.103229251685307,0.094135623323779,0.084815214000363,0.075290477397493,0.065584359439918,0.055720243015963,0.045721891646099,0.035613392234551,0.025419097041835,0.015163565018038,0.004871502638170,-0.005432295617885,-0.015723006997414,-0.025975840275021,-0.036166095476798,-0.046269223384640,-0.056260884677325,-0.066117008565877,-0.075813850781919,-0.085328050779296,-0.094636688011088,-0.103717337146417,-0.112548122093895,-0.121107768701516,-0.129375656005859,-0.137331865907033,-0.144957231149478,-0.152233381492864,-0.159142787961628,-0.165668805066326,-0.171795710894855,-0.177508744976752,-0.182794143829138,-0.187639174098513,-0.192032163218410,-0.195962527508915,-0.199420797650280,-0.202398641469112,-0.204888883982043,-0.206885524648191,-0.208383751788034,-0.209379954132558,-0.209871729472772,-0.209857890386189,-0.209338467023806,-0.208314706947237,-0.206789072006949,-0.204765232243199,-0.202248056776585,-0.199243601684758,-0.195759095037505,-0.191802919479327,-0.187384591662964,-0.182514732311783,-0.177205023962715,-0.171468345647673,-0.168444926696110
-0.166807879018836,-0.162818961263435,-0.154547034702832,-0.145902487507294,-0.136906340751688,-0.127580266075099,-0.117946749855787,-0.108029020827347,-0.097850987313544,-0.087437180974137,-0.076812699109472,-0.066003144750939,-0.055034565234810,-0.043933389680248,-0.032726365548680,-0.021440494412652,-0.010102967079058,0.001258901773075,0.012617739276283,0.023946180217181,0.035216932876909,0.046402844709511,0.057476967698681,0.068412623233910,0.079183466348056,0.089763549159869,0.100127383367008,0.110250001637515,0.120107017750531,0.129674685340244,0.138929955100631,0.147850530312420,0.156414920557959,0.164602493494160,0.172393524558507,0.179769244488202,0.186711884537854,0.193204719286736,0.199232106932435,0.204779526973862,0.209833615192815,0.214382195849871,0.218414311017033,0.221920246976517,0.224891557622065,0.227321084806443,0.229202975586104,0.230532696321484,0.231307043598965,0.231524151948196,0.231183498336191,0.230285903427366,0.228833529606492,0.226829875769329,0.224279768893476,0.221189352409765,0.217566071402195,0.213418654672077,0.208757093709586,0.203592618623387,0.197937671086315,0.191805874362304,0.185212000486744,0.178171934679356,0.170702637075307,0.162822101866758,0.154549313953280,0.145904203205568,0.136907596452635,0.127581167308159,0.117947383956848,0.108029455026614,0.097851273676960,0.087437360038262,0.076812802140626,0.066003195474634,0.055034581329556,0.043933384057611,0.032726347415389,0.021440470135798,0.010102940885758,-0.001258927233675,-0.012617762486951,-0.023946200444918,-0.035216949908112,-0.046402858653611,-0.057476978847062,-0.068412631962306,-0.079183473052164,-0.089763554215553,-0.100127387108006,-0.110250004344962,-0.120107019649869,-0.129674686602121,-0.138929955843236,-0.147850530603343,-0.156414920414100,-0.164602492878467,-0.172393523372435,-0.179769242558757,-0.186711881597961,-0.193204714947465,-0.199232100645401,-0.204779517981826,-0.209833602466291,-0.214382178007315,-0.218414286226006,-0.221920212833085,-0.224891511005640,-0.227321021707208,-0.229202890902156,-0.230532583622715,-0.231306894854405,-0.231523957212797,-0.231183245391620,-0.230285577369307,-0.228833112368512,-0.226829345571253,-0.224279099599653,-0.221188512773864,-0.217565024147528,-0.213417355304901,-0.208755488947223,-0.203590644532108,-0.197935251527272,-0.191802919479327,-0.185208397053949,-0.178167516409307,-0.170697365438283,-0.166807879018836
-0.164768976550361,-0.159924678354009,-0.149947275097193,-0.139608299903977,-0.128932888246000,-0.117946749855787,-0.106676369527899,-0.095148920492081,-0.083392190152787,-0.071434514417565,-0.059304710898151,-0.047032009999518,-0.034645984707279,-0.022176479554524,-0.009653538958545,0.002892664938211,0.015431904766179,0.027933970589591,0.040368742549306,0.052706263308529,0.064916810124960,0.076970966374634,0.088839692353909,0.100494395187446,0.111906997671887,0.123050005887452,0.133896575412681,0.144420575981074,0.154596654422316,0.164400295735138,0.173807882143588,0.182796749993554,0.191345244351812,0.199432771175571,0.207039846926505,0.214148145509512,0.220740542423026,0.226801156014428,0.232315385741157,0.237269947345359,0.241652904857337,0.245453699350736,0.248663174380210,0.251273598040308,0.253278681592467,0.254673594615236,0.255454976641262,0.255620945252997,0.255171100617644,0.254106526450413,0.252429787403771,0.250144922888979,0.247257437344806,0.243774286976853,0.239703862999454,0.235055971420502,0.229841809417922,0.224073938364686,0.217766253567368,0.210933950791135,0.203593489651813,0.195762553963235,0.187460009135386,0.178705856725972,0.169521186254920,0.159928124397878,0.149949781681112,0.139610196806227,0.128934278738827,0.117947746700637,0.106677068209642,0.095149395317524,0.083392499197986,0.071434703243561,0.059304814832087,0.047032055927201,0.034645992680077,0.022176464201977,0.009653510679218,-0.002892698996261,-0.015431939906402,-0.027934003921492,-0.040368772474183,-0.052706289117744,-0.064916831693736,-0.076970983935254,-0.088839706333230,-0.100494406095060,-0.111907006027007,-0.123050012174415,-0.133896580056755,-0.144420579337889,-0.154596656775718,-0.164400297299474,-0.173807883067424,-0.182796750362594,-0.191345244189288,-0.199432770438679,-0.207039845497582,-0.214148143180632,-0.220740538872501,-0.226801150773503,-0.232315378148892,-0.237269936489372,-0.241652889497824,-0.245453677824934,-0.248663144484261,-0.251273556885407,-0.253278625432097,-0.254673518640352,-0.255454874740333,-0.255620809733827,-0.255170921887695,-0.254106292651710,-0.252429483997144,-0.250144532180405,-0.247256937944491,-0.243773653180436,-0.239703064079576,-0.235054970809537,-0.229840563734065,-0.224072396178910,-0.217764353802642,-0.210931620924616,-0.203590644532108,-0.195759095037505,-0.187455814273219,-0.178700746290056,-0.169515146080377,-0.164768976550361
-0.162333131185318,-0.156645113061754,-0.144986250548166,-0.132977738366912,-0.120648766484931,-0.108029020827347,-0.095148920492081,-0.082039517310635,-0.068732410393790,-0.055259671251969,-0.041653768067115,-0.027947487943167,-0.014173858067266,-0.000366066326755,0.013442618412938,0.027218926228725,0.040929666090372,0.054541805649632,0.068022550670792,0.081339423907833,0.094460343236816,0.107353698854553,0.119988429356587,0.132334096509587,0.144360958536093,0.156040041732892,0.167343210248439,0.178243233849236,0.188713853510200,0.198729844669491,0.208267077994169,0.217302577509305,0.225814575949722,0.233782567200503,0.241187355699519,0.248011102682744,0.254237369160797,0.259851155523119,0.264838937674341,0.269188699615813,0.272889962393816,0.275933809344737,0.278312907576449,0.280021525634134,0.281055547308041,0.281412481549926,0.281091468474289,0.280093281429979,0.278420325137166,0.276076629894189,0.273067841868234,0.269401209493235,0.265085566007766,0.260131308175005,0.254550371236023,0.248356200156744,0.241563717237848,0.234189286165640,0.226250672590497,0.217767001327864,0.208758710284895,0.199247501223746,0.189256287480128,0.178809138763078,0.167931223168917,0.156648746549104,0.144988889378044,0.132979741272946,0.120650233323472,0.108030068394209,0.095149649567870,0.082040006901597,0.068732722672845,0.055259855294901,0.041653862085366,0.027947521073628,0.014173852035725,0.000366036946809,-0.013442659957135,-0.027218972315742,-0.040929711785839,-0.054541847995063,-0.068022588114905,-0.081339455861491,-0.094460369733759,-0.107353720300557,-0.119988446350463,-0.132334109720851,-0.144360968625933,-0.156040049307081,-0.167343215832806,-0.178243237880166,-0.188713856334274,-0.198729846547769,-0.208267079107753,-0.217302577963646,-0.225814575775760,-0.233782566351021,-0.241187354039262,-0.248011099970783,-0.254237365023447,-0.259851149415444,-0.264838928827971,-0.269188686970434,-0.272889944509411,-0.275933784291386,-0.278312872798319,-0.280021477784213,-0.281055482050200,-0.281412393324992,-0.281091350227028,-0.280093124294029,-0.278420118074963,-0.276076359288438,-0.273067491060351,-0.269400758262418,-0.265084989982762,-0.260130578170392,-0.254549452505430,-0.248355051549483,-0.241562290215951,-0.234187523580109,-0.226248507117070,-0.217764353802642,-0.208755488947223,-0.199243601684758,-0.189251581925095,-0.178803437522084,-0.167924538703777,-0.162333131185318
-0.159506211088547,-0.152988168674696,-0.139675919878192,-0.126026787587597,-0.112073946471104,-0.097850987313544,-0.083392190152787,-0.068732410393790,-0.053906982457117,-0.038951635922865,-0.023902411079757,-0.008795572532743,0.006332478071631,0.021445289590019,0.036506448975599,0.051479668771850,0.066328874327021,0.081018290522784,0.095512527804063,0.109776667300015,0.123776344830360,0.137477833594493,0.150848125343407,0.163855009837398,0.176467152396084,0.188654169351668,0.200386701221387,0.211636483420762,0.222376414345355,0.232580620655378,0.242224519604505,0.251284878261606,0.259739869481930,0.267569124492259,0.274753781962957,0.281276533448424,0.287121665086343,0.292275095455193,0.296724409498813,0.300458888436296,0.303469535585196,0.305749098035877,0.307292084124806,0.308094776664748,0.308155241900007,0.307473334165158,0.306050696236074,0.303890755372402,0.300998715061044,0.297381542480537,0.293047951716525,0.288008382768781,0.282274976400345,0.275861544889363,0.268783538754107,0.261058009531323,0.252703568697590,0.243740342832641,0.234189925132674,0.224075323390446,0.213420904567489,0.202252336091965,0.190596524023582,0.178481548234543,0.165936594762670,0.152991885499684,0.139678605384023,0.126028827273591,0.112075434679435,0.097852042546489,0.083392916272222,0.068732889158301,0.053907278494108,0.038951800474308,0.023902484155396,0.008795584658553,-0.006332504172118,-0.021445337445549,-0.036506507022640,-0.051479729226651,-0.066328932253747,-0.081018343073132,-0.095512573607389,-0.109776705985442,-0.123776376662728,-0.137477859205930,-0.150848145542829,-0.163855025481516,-0.176467164307382,-0.188654178270917,-0.200386707784428,-0.211636488151274,-0.222376417657173,-0.232580622859430,-0.242224520916676,-0.251284878808814,-0.259739869304280,-0.267569123539566,-0.274753780084026,-0.281276530371438,-0.287121660388490,-0.292275088519360,-0.296724399454829,-0.300458874083825,-0.303469515295070,-0.305749069626382,-0.307292044709314,-0.308094722467020,-0.308155168033635,-0.307473234373824,-0.306050562591675,-0.303890577928436,-0.300998481458856,-0.297381237505798,-0.293047556802414,-0.288007875440904,-0.282274329657399,-0.275860726514445,-0.268782510553847,-0.261056726495442,-0.252701978040703,-0.243738382817403,-0.234187523580109,-0.224072396178910,-0.213417355304900,-0.202248056776585,-0.190591383510818,-0.178475349136540,-0.165929377463292,-0.159506211088547
-0.156295026558169,-0.148962656881409,-0.134029081350319,-0.118772201113654,-0.103229096011857,-0.087437180974137,-0.071434514417565,-0.055259671251969,-0.038951635922865,-0.022549709821415,-0.006093418338095,0.010377583951967,0.026823608783988,0.043205029698153,0.059482377294325,0.075616434090551,0.091568328793866,0.107299629761943,0.122772437427157,0.137949475458255,0.152794180439910,0.167270789854435,0.181344428153258,0.194981190709425,0.208148225446844,0.220813811947231,0.232947437841804,0.244519872301391,0.255503236445844,0.265871070501364,0.275598397542447,0.284661783663699,0.293039394435673,0.300711047508047,0.307658261232996,0.313864299191329,0.319314210513988,0.323994865901690,0.327894989255942,0.331005184845239,0.333317959941046,0.334827742869067,0.335530896432362,0.335425726674010,0.334512486958245,0.332793377360243,0.330272539366070,0.326956045895559,0.322851886672170,0.317969948975081,0.312321993819894,0.305921627625332,0.298784269434195,0.290927113767547,0.282369089201606,0.273130812767154,0.263234540281305,0.252704112731291,0.241564898839438,0.229843733947692,0.217568855368933,0.204769834360808,0.191477504885988,0.177723889330449,0.163542121358738,0.148966366092077,0.134031737801587,0.118774215314939,0.103230555340205,0.087438203915729,0.071435206199339,0.055260114814230,0.038951896972322,0.022549840598829,0.006093459684207,-0.010377600908506,-0.026823660951643,-0.043205100446041,-0.059482455069096,-0.075616511247762,-0.091568400627480,-0.107299693709434,-0.122772492430570,-0.137949521463314,-0.152794218015069,-0.167270819911123,-0.181344451748763,-0.194981208915045,-0.208148239265764,-0.220813822268848,-0.232947445421450,-0.244519877756598,-0.255503240262234,-0.265871073042883,-0.275598399062036,-0.284661784311475,-0.293039394262403,-0.300711046462078,-0.307658259148937,-0.313864295768723,-0.319314205283956,-0.323994858179214,-0.327894978075052,-0.331005168873999,-0.333317937372878,-0.334827711286737,-0.335530852640807,-0.335425666498252,-0.334512405002821,-0.332793266726985,-0.330272391327577,-0.326955849522304,-0.322851628411627,-0.317969612181290,-0.312321558231266,-0.305921068787393,-0.298783558063521,-0.290926215055072,-0.282367962057322,-0.273129409004629,-0.263232803707769,-0.252701978040703,-0.241562290215951,-0.229840563734065,-0.217565024147528,-0.204765232243199,-0.191471999150731,-0.177717276570965,-0.163534470610490,-0.156295026558169
-0.152707313618985,-0.144578276845267,-0.128059342662290,-0.111231462141690,-0.094135531248531,-0.076812699109472,-0.059304710898151,-0.041653768067115,-0.023902411079757,-0.006093418338095,0.011730295015321,0.029525780093525,0.047250157743426,0.064860721756997,0.082315041556996,0.099571064192187,0.116587215438534,0.133322499770180,0.149736598956614,0.165789969046870,0.181443935507576,0.196660786286480,0.211403862577108,0.225637647064661,0.239327849438497,0.252441488962764,0.264946973903728,0.276814177620048,0.288014511130502,0.298520991982429,0.308308309253404,0.317352884528287,0.325632928703774,0.333128494482928,0.339821524432764,0.345695894488823,0.350737452801783,0.354934053832460,0.358275587613067,0.360754004104259,0.362363332589338,0.363099696058955,0.362961320551690,0.361948539428068,0.360063792567731,0.357311620491752,0.353698653424248,0.349233595319688,0.343927202894361,0.337792259712548,0.330843545389824,0.323097799987686,0.314573683685292,0.305291731825461,0.295274305443242,0.284545537396221,0.273131274226359,0.261059013893405,0.248357839529910,0.235058349377408,0.221192583072574,0.206793944460936,0.191897121124081,0.176538000814235,0.160753584997525,0.144581899714205,0.128061903970594,0.111233395883421,0.094136916802670,0.076813653643922,0.059305339665465,0.041654153929221,0.023902619687692,0.006093501941717,-0.011730295584155,-0.029525833800501,-0.047250241697043,-0.064860819622671,-0.082315142152637,-0.099571160295115,-0.116587302790897,-0.133322576262186,-0.149736663969218,-0.165790022936786,-0.181443979216693,-0.196660821056607,-0.211403889750883,-0.225637667954437,-0.239327865246919,-0.252441500741005,-0.264946982535755,-0.276814183823564,-0.288014515467268,-0.298520994872449,-0.308308310988859,-0.317352885284187,-0.325632928543028,-0.333128493353929,-0.339821522157715,-0.345695890740952,-0.350737447069329,-0.354934045366946,-0.358275575358965,-0.360753986606765,-0.362363307876622,-0.363099661495048,-0.362961272656092,-0.361948473658289,-0.360063703061307,-0.357311499764801,-0.353698492024376,-0.349233381431864,-0.343926921899098,-0.337791893696034,-0.330843072605296,-0.323097194266556,-0.314572913796602,-0.305290760785089,-0.295273089779396,-0.284544026374812,-0.273129409004629,-0.261056726495442,-0.248355051549483,-0.235054970809537,-0.221188512773864,-0.206789072006948,-0.191891313553002,-0.176531050013229,-0.160745589023790,-0.152707313618986
-0.148751715385713,-0.139845591972844,-0.121781088535628,-0.103422741912083,-0.084815165867077,-0.066003144750939,-0.047032009999518,-0.027947487943167,-0.008795572532743,0.010377583951967,0.029525780093525,0.048602876255645,0.067562905788571,0.086360185704127,0.104949426543125,0.123285841261005,0.141325252916135,0.159024200910000,0.176340045520914,0.193231070478118,0.209656583330150,0.225577013366900,0.240954006859631,0.255750519388384,0.269930905032308,0.283461002205545,0.296308215929261,0.308441596339102,0.319831913236649,0.330451726503271,0.340275452205081,0.349279424228408,0.357441951296305,0.364743369228011,0.371166088315011,0.376694635699252,0.381315692651299,0.385018126658556,0.387793018246266,0.389633682466726,0.390535685004982,0.390496852862300,0.389517279591694,0.387599325072986,0.384747609827948,0.380969003889275,0.376272610250227,0.370669742934815,0.364173899741405,0.356800729725376,0.348567995499213,0.339495530440833,0.329605190913257,0.318920803610723,0.307468108158103,0.295274695101887,0.282369939442153,0.268784929865611,0.254552393850240,0.239706618821925,0.224283369553047,0.208319802002011,0.191854373801293,0.174926751609629,0.157577715551563,0.139849060974555,0.121783497760329,0.103424547433024,0.084816438312032,0.066003998962105,0.047032550197412,0.027947795899730,0.008795712913791,-0.010377559714966,-0.029525831893395,-0.048602973756621,-0.067563026798928,-0.086360314591818,-0.104949552822527,-0.123285958387897,-0.141325357280781,-0.159024291009089,-0.176340121291078,-0.193231132774676,-0.209656633533376,-0.225577053096573,-0.240954037778188,-0.255750543073891,-0.269930922904313,-0.283461015489209,-0.296308225645655,-0.308441603311927,-0.319831918107823,-0.330451729751650,-0.340275454164107,-0.349279425099568,-0.357441951156066,-0.364743368026298,-0.371166085863409,-0.376694631647031,-0.381315686447055,-0.385018117494879,-0.387793004984422,-0.389633663537914,-0.390535658284432,-0.390496815512254,-0.389517227869343,-0.387599254099617,-0.384747513316035,-0.380968873824942,-0.376272436529436,-0.370669512952719,-0.364173597935247,-0.356800337071928,-0.348567488967591,-0.339494882401057,-0.329604368501371,-0.318919768054916,-0.307466814076419,-0.295273089779396,-0.282367962057322,-0.268782510553847,-0.254549452505430,-0.239703064079576,-0.224279099599653,-0.208314706947236,-0.191848321488431,-0.174919530282879,-0.157569452413493,-0.148751715385713
-0.144437761240964,-0.134776004532911,-0.115209446249023,-0.095364856191777,-0.075290458583124,-0.055034565234810,-0.034645984707279,-0.014173858067266,0.006332478071631,0.026823608783988,0.047250157743426,0.067562905788571,0.087712909581510,0.107651619476065,0.127330996299847,0.146703626866863,0.165722837993177,0.184342808750582,0.202518680685527,0.220206665736700,0.237364151592626,0.253949804237087,0.269923667435716,0.285247258923091,0.299883663056558,0.313797619711025,0.326955609197844,0.339325933000617,0.350878790131000,0.361586348918520,0.371422814059678,0.380364488763473,0.388389831842571,0.395479509611854,0.401616442468847,0.406785846043514,0.410975266818151,0.414174612131530,0.416376174495037,0.417574650162264,0.417767151907406,0.416953215981739,0.415134803231494,0.412316294374475,0.408504479446874,0.403708541445706,0.397940034206334,0.391212854568380,0.383543208897094,0.374949574040856,0.365452652818860,0.355075324146231,0.343842587916735,0.331781504775848,0.318921130929300,0.305292448144133,0.290928289110916,0.275863258346916,0.260133648830787,0.243777354569605,0.226833779308889,0.209343741605525,0.191349376492286,0.172894033970851,0.154022174577852,0.134779262275545,0.115211654925148,0.095366492606686,0.075291584054418,0.055035291481399,0.034646414070680,0.014174070413800,-0.006332419820206,-0.026823654700205,-0.047250269046548,-0.067563053356109,-0.087713072352286,-0.107651782874370,-0.127331150822264,-0.146703766874832,-0.165722960703101,-0.184342913403153,-0.202518767877858,-0.220206736901519,-0.237364208607080,-0.253949849141770,-0.269923702243855,-0.285247285500599,-0.299883683055501,-0.313797634541439,-0.326955620025418,-0.339325940760202,-0.350878795548199,-0.361586352533495,-0.371422816248918,-0.380364489756365,-0.388389831730451,-0.395479508347596,-0.401616439855170,-0.406785841708068,-0.410975260173125,-0.414174602315118,-0.416376160291648,-0.417574629897959,-0.417767123316725,-0.416953176041949,-0.415134747960331,-0.412316218587791,-0.408504376473167,-0.403708402795405,-0.397939849194853,-0.391212609893230,-0.383542888170612,-0.374949157280875,-0.365452115899765,-0.355074638212540,-0.343841718762104,-0.331780412194664,-0.318919768054916,-0.305290760785089,-0.290926215055072,-0.275860726514445,-0.260130578170392,-0.243773653180436,-0.226829345571252,-0.209338467023806,-0.191343130554180,-0.172886602176565,-0.154013713217249,-0.144437761240964
-0.139775843878133,-0.129381728234956,-0.108360249330830,-0.087077220142272,-0.065584359263435,-0.043933389680248,-0.022176479554524,-0.000366066326755,0.021445289590019,0.043205029698153,0.064860721756997,0.086360185704127,0.107651619476065,0.128683723782232,0.149405825517969,0.169767999624471,0.189721189156508,0.209217323279021,0.228209432905948,0.246651763701695,0.264499886174657,0.281710802599482,0.298243050511102,0.314056802520263,0.329113962208071,0.343378255865900,0.356815319856870,0.369392783385742,0.381080346475345,0.391849852959548,0.401675358315121,0.410533192167676,0.418402015320029,0.425262871164855,0.431099231357295,0.435897035637212,0.439644725705033,0.442333273069532,0.443956200800518,0.444509599134084,0.443992134892900,0.442405054698950,0.439752181971034,0.436039907714344,0.431277175124337,0.425475458042059,0.418648733312835,0.410813447114946,0.401988475339429,0.392195078116459,0.381456848597867,0.369799656119199,0.357251583878235,0.343842861280115,0.329605791112063,0.314574671723145,0.298785714396547,0.282276956113424,0.265088167918477,0.247260759108031,0.228837677471407,0.209863305825941,0.190383355094885,0.170444754185792,0.150095536934669,0.129384726388253,0.108362216703205,0.087078652946710,0.065585309088077,0.043933964475258,0.022176779093858,0.000366167909166,-0.021445325406088,-0.043205155054044,-0.064860899699141,-0.086360388755704,-0.107651828071452,-0.128683924704147,-0.149406010490782,-0.169768164111614,-0.189721331354990,-0.209217443293220,-0.228209532084820,-0.246651844124109,-0.264499950265610,-0.281710852857661,-0.298243089327404,-0.314056832067564,-0.329113984384364,-0.343378272275386,-0.356815331816213,-0.369392791945265,-0.381080352447275,-0.391849856947396,-0.401675360739913,-0.410533193287921,-0.418402015243102,-0.425262869847902,-0.431099228595853,-0.435897031039599,-0.439644718650221,-0.442333262645793,-0.443956185721676,-0.444509577629780,-0.443992104569019,-0.442405012364232,-0.439752123426041,-0.436039827499370,-0.431277066223586,-0.425475311542453,-0.418648538017169,-0.410813189110642,-0.401988137525581,-0.392194639692900,-0.381456284520230,-0.369798936523776,-0.357250673481452,-0.343841718762104,-0.329604368501371,-0.314572913796602,-0.298783558063521,-0.282274329657400,-0.265084989982762,-0.247256937944491,-0.228833112368512,-0.209857890386189,-0.190376961141109,-0.170437165262531,-0.150086938218203,-0.139775843878133
-0.134777194264481,-0.123675758844178,-0.101249999526968,-0.078579801717356,-0.055720253847011,-0.032726365548680,-0.009653538958545,0.013442618412938,0.036506448975599,0.059482377294325,0.082315041556996,0.104949426543125,0.127330996299847,0.149405825517969,0.171120729276527,0.192423390955125,0.213262488063692,0.233587815697440,0.253350407316983,0.272502652561678,0.290998411814160,0.308793127242252,0.325843930051490,0.342109743689021,0.357551382748191,0.372131647332869,0.385815412651324,0.398569713621022,0.410363824278005,0.421169331797302,0.430960204944254,0.439712856790360,0.447406201541511,0.454021705340926,0.459543430923953,0.463958076016859,0.467255005387017,0.469426276467257,0.470466658492696,0.470373645104049,0.469147460387120,0.466791058334058,0.463310115727716,0.458713018466357,0.453010841361697,0.446217321458993,0.438348824943494,0.429424307713001,0.419465269711539,0.408495703134167,0.396542034627723,0.383633061626741,0.369799882977925,0.355075824020317,0.339496356301641,0.323099012124246,0.305923294126499,0.288010580117478,0.269404023394203,0.250148448781562,0.230290244645388,0.209877251138819,0.188958644951181,0.167584820837032,0.145807270210790,0.123678457099401,0.101251691751907,0.078581002210382,0.055721004151649,0.032726769313333,0.009653692821215,-0.013442640262470,-0.036506588848323,-0.059482589864035,-0.082315292110695,-0.104949689608676,-0.127331254111855,-0.149406066470934,-0.171120946529387,-0.192423581239110,-0.213262650687125,-0.233587951729732,-0.253350518936252,-0.272502742551004,-0.290998483189318,-0.308793182991267,-0.325843972965318,-0.342109776263295,-0.357551407137803,-0.372131665343693,-0.385815425756072,-0.398569722988890,-0.410363830810121,-0.421169336162097,-0.430960207608459,-0.439712858042593,-0.447406201506193,-0.454021703980682,-0.459543428028732,-0.463958071177857,-0.467254997953096,-0.469426265481146,-0.470466642603755,-0.470373622454002,-0.469147428464894,-0.466791013795797,-0.463310054178298,-0.458712934199220,-0.453010727054682,-0.446217167825134,-0.438348620337211,-0.429424037693911,-0.419464916569769,-0.408495245382236,-0.396541446464442,-0.383632312378488,-0.369798936523776,-0.355074638212540,-0.339494882401057,-0.323097194266556,-0.305921068787393,-0.288007875440904,-0.269400758262418,-0.250144532180405,-0.230285577369307,-0.209871729472772,-0.188952143634884,-0.167577122171704,-0.145798587939857,-0.134777194264481
-0.129453854584758,-0.117671842904840,-0.093895827137783,-0.069893073700336,-0.045721908186463,-0.021440494412652,0.002892664938211,0.027218926228725,0.051479668771850,0.075616434090551,0.099571064192187,0.123285841261005,0.146703626866863,0.169767999624471,0.192423390955125,0.214615218742053,0.236290018618326,0.257395572582335,0.277881034628140,0.297697053086900,0.316795889386631,0.335131532946507,0.352659811929797,0.369338499587791,0.385127415936436,0.399988524518004,0.413886024011729,0.426786434469887,0.438658677968950,0.449474153479260,0.459206805770973,0.467833188188822,0.475332519143353,0.481686732181800,0.486880519517518,0.490901368912825,0.493739593826338,0.495388356752153,0.495843685694732,0.495104483739895,0.493172531698982,0.490052483819897,0.485751856575485,0.480281010556305,0.473653125511495,0.465884168597911,0.456992855914060,0.447000607411516,0.435931495292484,0.423812186017822,0.410671876065239,0.396542221592457,0.381457262174768,0.365453338800732,0.348569006323557,0.330844940579088,0.312323840394156,0.293050324721368,0.273070825148145,0.252433474038958,0.231187988580247,0.209385551007370,0.187078685302108,0.164321130657794,0.141167712016895,0.117674207992915,0.093897216494838,0.069894018377799,0.045722439448497,0.021440711157750,-0.002892669684158,-0.027219081831427,-0.051479920826450,-0.075616740183087,-0.099571392189369,-0.123286167990425,-0.146703936614171,-0.169768282604820,-0.192423641932652,-0.214615435852626,-0.236290202389342,-0.257395725131607,-0.277881159026321,-0.297697152868619,-0.316795968193192,-0.335131594280332,-0.352659858999653,-0.369338535224409,-0.385127442560034,-0.399988544141771,-0.413886038268146,-0.426786444649437,-0.438658685063249,-0.449474158222730,-0.459206808676863,-0.467833189576603,-0.475332519155321,-0.481686730787133,-0.486880516502070,-0.490901363852783,-0.493739586043462,-0.495388345247870,-0.495843669059878,-0.495104460036508,-0.493172498310312,-0.490052437264819,-0.485751792283775,-0.480280922601905,-0.473653006301881,-0.465884008519078,-0.456992642932366,-0.447000326635580,-0.435931128500176,-0.423811711154730,-0.410671266721457,-0.396541446464442,-0.381456284520230,-0.365452115899765,-0.348567488967591,-0.330843072605296,-0.312321558231266,-0.293047556802414,-0.273067491060351,-0.252429483997144,-0.231183245391620,-0.209379954132558,-0.187072112897923,-0.164313364441270,-0.141158993876966,-0.129453854584758
