-0.534997619887097,-0.534836488606412,-0.533548020659215,-0.530974188796964,-0.527121193606054,-0.521998317289384,-0.515617901304711,-0.507995316633000,-0.499148926748386,-0.489100043378953,-0.477872875164916,-0.465494469337886,-0.451994646561722,-0.437405929091934,-0.421763462426730,-0.405104930638424,-0.387470465589208,-0.368902550249983,-0.349445916355159,-0.329147436639988,-0.308056011920041,-0.286222453284859,-0.263699359689587,-0.240540991239488,-0.216803138472589,-0.192542987955399,-0.167818984515449,-0.142690690442595,-0.117218641998237,-0.091464203578164,-0.065489419880353,-0.039356866433855,-0.013129498848863,0.013129498848863,0.039356866433855,0.065489419880353,0.091464203578164,0.117218641998236,0.142690690442595,0.167818984515449,0.192542987955398,0.216803138472589,0.240540991239487,0.263699359689587,0.286222453284859,0.308056011920041,0.329147436639988,0.349445916355159,0.368902550249983,0.387470465589208,0.405104930638423,0.421763462426730,0.437405929091934,0.451994646561722,0.465494469337886,0.477872875164916,0.489100043378953,0.499148926748386,0.507995316633000,0.515617901304711,0.521998317289384,0.527121193606054,0.530974188796964,0.533548020659215,0.534836488606412,0.534836488606412,0.533548020659215,0.530974188796964,0.527121193606054,0.521998317289384,0.515617901304711,0.507995316633000,0.499148926748387,0.489100043378953,0.477872875164916,0.465494469337886,0.451994646561722,0.437405929091934,0.421763462426730,0.405104930638424,0.387470465589208,0.368902550249983,0.349445916355159,0.329147436639988,0.308056011920041,0.286222453284859,0.263699359689587,0.240540991239488,0.216803138472589,0.192542987955399,0.167818984515449,0.142690690442595,0.117218641998237,0.091464203578164,0.065489419880353,0.039356866433855,0.013129498848864,-0.013129498848863,-0.039356866433855,-0.065489419880353,-0.091464203578164,-0.117218641998236,-0.142690690442595,-0.167818984515449,-0.192542987955398,-0.216803138472589,-0.240540991239487,-0.263699359689587,-0.286222453284859,-0.308056011920041,-0.329147436639988,-0.349445916355159,-0.368902550249983,-0.387470465589208,-0.405104930638423,-0.421763462426730,-0.437405929091934,-0.451994646561722,-0.465494469337886,-0.477872875164916,-0.489100043378953,-0.499148926748386,-0.507995316633000,-0.515617901304711,-0.521998317289384,-0.527121193606054,-0.530974188796964,-0.533548020659215,-0.534836488606412,-0.534997619887097
-0.534836488606412,-0.535054099594616,-0.534522283576214,-0.532702610574854,-0.529599518060565,-0.525220513585132,-0.519576163166299,-0.512680074877307,-0.504548869344583,-0.495202140844174,-0.484662410666995,-0.472955073230675,-0.460108335146193,-0.446153147427013,-0.431123131035819,-0.415054495968743,-0.397985954083367,-0.379958625886560,-0.361015941510220,-0.341203536115787,-0.320569139981117,-0.299162463535658,-0.277035077621702,-0.254240289270765,-0.230833013294817,-0.206869640002076,-0.182407899356347,-0.157506721907439,-0.132226096827923,-0.106626927398441,-0.080770884289909,-0.054720256996233,-0.028537803775596,-0.002286600461940,0.023970111489016,0.050169077353072,0.076247181523053,0.102141599559338,0.127789949539100,0.153130442339564,0.178102030493244,0.202644555256517,0.226698891537225,0.250207090332136,0.273112518331138,0.295359994351809,0.316895922275708,0.337668420166105,0.357627445256102,0.376724914506037,0.394914820439737,0.412153341980554,0.428398950020178,0.443612507465889,0.457757363525252,0.470799442001073,0.482707323383954,0.493452320544636,0.503008547843807,0.511352983492877,0.518465525015482,0.524329037676107,0.528929395759172,0.532255516599109,0.534299387279482,0.535056083936799,0.534523783622535,0.532703768694770,0.529600423728880,0.525221224954709,0.519576722245675,0.512680513703206,0.504549212897717,0.495202408845065,0.484662618814897,0.472955234084572,0.460108458769351,0.446153241876213,0.431123202744986,0.415054550056413,0.397985994602267,0.379958656027666,0.361015963770243,0.341203552434828,0.320569151855690,0.299162472111178,0.277035083767799,0.254240293642197,0.230833016380368,0.206869642163468,0.182407900858933,0.157506722944172,0.132226097537908,0.106626927881145,0.080770884615975,0.054720257215649,0.028537803923887,0.002286600564925,-0.023970111411422,-0.050169077283579,-0.076247181443807,-0.102141599448391,-0.127789949366026,-0.153130442059616,-0.178102030039316,-0.202644554527961,-0.226698890384360,-0.250207088535003,-0.273112515570698,-0.295359990171439,-0.316895916030389,-0.337668410956239,-0.357627431842345,-0.376724895200926,-0.394914792971138,-0.412153303320976,-0.428398896174465,-0.443612433207434,-0.457757262067061,-0.470799304582676,-0.482707138747564,-0.493452074261108,-0.503008221416515,-0.511352553080665,-0.518464959437043,-0.524328295164904,-0.528928418901361,-0.532254221943531,-0.534297607561228,-0.534836488606412
-0.533548020659215,-0.534522283576214,-0.535504526900116,-0.535196369630168,-0.533598628881950,-0.530715230805777,-0.526553166211307,-0.521122490817691,-0.514436308684566,-0.506510743389798,-0.497364900644051,-0.487020823264991,-0.475503438761751,-0.462840499743423,-0.449062517378125,-0.434202688120279,-0.418296813914756,-0.401383216087146,-0.383502643137444,-0.364698172665806,-0.345015107671250,-0.324500867476443,-0.303204873543705,-0.281178430459031,-0.258474602372145,-0.235148085191295,-0.211255074841573,-0.186853131904898,-0.162001042968447,-0.136758679016173,-0.111186851205097,-0.085347164374320,-0.059301868640079,-0.033113709434739,-0.006845776351314,0.019438648842091,0.045676244651525,0.071803802402720,0.097758378515230,0.123477446138260,0.148899045782782,0.173961934586987,0.198605733855444,0.222771074516485,0.246399740147373,0.269434807222687,0.291820782248023,0.313503735448645,0.334431430691015,0.354553451324196,0.373821321637972,0.392188623645072,0.409611108906163,0.426046805128216,0.441456117279429,0.455801922977131,0.469049661918850,0.481167419141111,0.492126001905373,0.501899010025899,0.510462899470111,0.517797039078231,0.523883760265547,0.528708399587586,0.532259334065632,0.534528009187502,0.535508959516115,0.535199821856209,0.533601340947484,0.530717367670459,0.526554849769364,0.521123815114417,0.514437347543804,0.506511555343568,0.497365532441336,0.487021312407378,0.475503815373800,0.462840787999771,0.449062736627385,0.434202853789210,0.418296938244577,0.401383308737223,0.383502711682089,0.364698223003635,0.345015144362162,0.324500894018148,0.303204892597508,0.281178444032974,0.258474611968437,0.235148091923986,0.211255079529627,0.186853135145116,0.162001045192055,0.136758680532333,0.111186852234106,0.085347165072816,0.059301869120223,0.033113709779050,0.006845776624607,-0.019438648582320,-0.045676244344985,-0.071803801975104,-0.097758377864373,-0.123477445115834,-0.148899044169293,-0.173961932057271,-0.198605729931186,-0.222771068501442,-0.246399731040036,-0.269434793599997,-0.291820762112525,-0.313503706030067,-0.334431388191708,-0.354553390596076,-0.373821235776481,-0.392188503482782,-0.409610942384360,-0.426046576517972,-0.441455806213102,-0.455801503236110,-0.469049099902709,-0.481166671908821,-0.492125014594309,-0.501897712228757,-0.510461199706247,-0.517794816178965,-0.523880851486902,-0.528704582759781,-0.532254221943531,-0.533548020659215
-0.530974188796964,-0.532702610574854,-0.535196369630168,-0.536400389013716,-0.536311817620410,-0.534930966446050,-0.532261222834394,-0.528309060367882,-0.523084032031204,-0.516598750171078,-0.508868857845189,-0.499912992476614,-0.489752741932937,-0.478412593196968,-0.465919873853000,-0.452304686606910,-0.437599837042253,-0.421840754809954,-0.405065408455240,-0.387314214096332,-0.368629938181683,-0.349057594564974,-0.328644336149425,-0.307439341365070,-0.285493695754504,-0.262860268954007,-0.239593587367795,-0.215749702843389,-0.191386057665548,-0.166561346195031,-0.141335373486378,-0.115768911226124,-0.089923551339182,-0.063861557616688,-0.037645715723254,-0.011339181945422,0.014994668953966,0.041292396408637,0.067490646880987,0.093526306485023,0.119336653032353,0.144859507134796,0.170033381999550,0.194797631555958,0.219092596557007,0.242859748303544,0.266041829644949,0.288582992916561,0.310428934481564,0.331527025553167,0.351826438981958,0.371278271702934,0.389835662547273,0.407453905134984,0.424090555576489,0.439705534723673,0.454261224724054,0.467722559645495,0.480057109953093,0.491235160634778,0.501229782787376,0.510016898490696,0.517575338813347,0.523886894810553,0.528936361391087,0.532711573947676,0.535203437662602,0.536405949417915,0.536316212257467,0.534934442365940,0.532263968548029,0.528311224209068,0.523085731856390,0.516600080158771,0.508869893619225,0.499913794934212,0.489753360129924,0.478413066583754,0.465920234056146,0.452304958874900,0.437600041430483,0.421840907157016,0.405065521189297,0.387314296901466,0.368629998547652,0.349057638239134,0.328644367506225,0.307439363706108,0.285493711550287,0.262860280037046,0.239593595085432,0.215749708177582,0.191386061325863,0.166561348690157,0.141335375178700,0.115768912373148,0.089923552125051,0.063861558176522,0.037645716162716,0.011339182357684,-0.014994668471720,-0.041292395736962,-0.067490645855647,-0.093526304867214,-0.119336650467975,-0.144859503098224,-0.170033375716171,-0.194797621896444,-0.219092581894690,-0.242859726324490,-0.266041797098319,-0.288582945290647,-0.310428865588415,-0.331526927002013,-0.351826299518374,-0.371278076386496,-0.389835391734129,-0.407453533221949,-0.424090049448221,-0.439704851824081,-0.454260310647687,-0.467721345105180,-0.480055506876420,-0.491233056850626,-0.501227034229672,-0.510013317855882,-0.517570682738472,-0.523880851486902,-0.528928418901361,-0.530974188796964
-0.527121193606054,-0.529599518060565,-0.533598628881950,-0.536311817620410,-0.537732558983371,-0.537857535734323,-0.536686515179495,-0.534222367931660,-0.530471069671322,-0.525441689119585,-0.519146367699559,-0.511600291676373,-0.502821656673825,-0.492831624634576,-0.481654273415748,-0.469316539222603,-0.455848152066665,-0.441281564428746,-0.425651873313412,-0.408996735892995,-0.391356278952197,-0.372773002357340,-0.353291676787145,-0.332959235974650,-0.311824663722384,-0.289938875965056,-0.267354598165685,-0.244126238342140,-0.220309756031458,-0.195962527508915,-0.171143207587769,-0.145911588333674,-0.120328455035069,-0.094455439777365,-0.068354872974364,-0.042089633215195,-0.015722995788977,0.010681519747476,0.037060302591361,0.063349803936129,0.089486690064882,0.115407994925978,0.141051271823170,0.166354743854756,0.191257452739266,0.215699405669115,0.239621719838407,0.262966764296688,0.285678298786902,0.307701609233057,0.328983639551204,0.349473119466179,0.369120688026173,0.387879012517584,0.405702902493668,0.422549418642277,0.438377976230425,0.453150442876462,0.466831230414320,0.479387380628525,0.490788644653421,0.501007555845340,0.510019495952148,0.517802754420776,0.524338580699840,0.529611229411362,0.533607998282767,0.536319258747769,0.537738479142428,0.537862240440505,0.536690244490193,0.534225314732390,0.530473389398785,0.525443507206138,0.519147785581214,0.511601391468849,0.502822504793444,0.492832274661939,0.481654768413762,0.469316913640495,0.455848433314954,0.441281774185937,0.425652028611171,0.408996850016741,0.391356362186693,0.372773062601322,0.353291720057022,0.332959266814337,0.311824685534043,0.289938891273644,0.267354608828569,0.244126245713575,0.220309761090377,0.195962530957289,0.171143209925694,0.145911589916390,0.120328456116338,0.094455440542943,0.068354873568864,0.042089633765325,0.015722996426063,-0.010681518862638,-0.037060301237885,-0.063349801792567,-0.089486686653878,-0.115407989537814,-0.141051263410405,-0.166354730888382,-0.191257433014661,-0.215699376047684,-0.239621675908175,-0.262966699932184,-0.285678205585578,-0.307701475802066,-0.328983450614519,-0.349472854757102,-0.369120320923183,-0.387878508370322,-0.405702216569402,-0.422548493602538,-0.438376739026215,-0.453148800921869,-0.466829066805066,-0.479384547868317,-0.490784955817269,-0.501002772562104,-0.510013317855882,-0.517794816178965,-0.524328295164904,-0.527121193606054
-0.521998317289384,-0.525220513585132,-0.530715230805777,-0.534930966446050,-0.537857535734323,-0.539487996348232,-0.539818491265495,-0.538848277412809,-0.536579736034207,-0.533018368459494,-0.528172783883376,-0.522054679875549,-0.514678815295040,-0.506062975559877,-0.496227930417683,-0.485197384394119,-0.472997920082933,-0.459658934436424,-0.445212568222681,-0.429693628829137,-0.413139506606138,-0.395590084958155,-0.377087644403820,-0.357676760839406,-0.337404198253617,-0.316318796154476,-0.294471351981600,-0.271914498789020,-0.248702578494979,-0.224891511005641,-0.200538659529474,-0.175702692408089,-0.150443441797549,-0.124821759541635,-0.098899370585141,-0.072738724281090,-0.046402843950690,-0.019955175058944,0.006540567627913,0.033020553534648,0.059420990048909,0.085678276202124,0.111729155889041,0.137510870256716,0.162961308895727,0.188019159469358,0.212624055420229,0.236716721398514,0.260239116061383,0.283134571899638,0.305347931754670,0.326825681696874,0.347516079945376,0.367369281518509,0.386337458314737,0.404374914334731,0.421438195767042,0.437486195672128,0.452480253012578,0.466384245790933,0.479164678070743,0.490790760671213,0.501234485341032,0.510470692232709,0.518477130514846,0.525234511976340,0.530726557493372,0.534940036247247,0.537864797598590,0.539493795541124,0.539823105676125,0.538851934666632,0.536582622148671,0.533020635094867,0.528174554644025,0.522056055428417,0.514679877448570,0.506063790563314,0.496228551680632,0.485197854752457,0.472998273693859,0.459659198364160,0.445212763764186,0.429693772620237,0.413139611541265,0.395590160951266,0.377087699013840,0.357676799780398,0.337404225807375,0.316318815501156,0.294471365462108,0.271914508111186,0.248702584893936,0.224891515367386,0.200538662485266,0.175702694406167,0.150443443157681,0.124821760497179,0.098899371316728,0.072738724945659,0.046402844709511,0.019955176108434,-0.006540566018311,-0.033020550972429,-0.059420985950072,-0.085678269696577,-0.111729145690200,-0.137510854483406,-0.162961284831902,-0.188019123244276,-0.212624001588536,-0.236716642396289,-0.260239001510648,-0.283134407730096,-0.305347699107460,-0.326825355570255,-0.347515627535395,-0.367368660197008,-0.386336613171823,-0.404373775196063,-0.421436673585507,-0.437484178185575,-0.452477599490249,-0.466380780391738,-0.479160180808187,-0.490784955817269,-0.501227034229672,-0.510461199706247,-0.518464959437043,-0.521998317289384
-0.515617901304711,-0.519576163166299,-0.526553166211307,-0.532261222834394,-0.536686515179495,-0.539818491265495,-0.541649676664277,-0.542175714028071,-0.541395382420588,-0.539310600950519,-0.535926424642084,-0.531251033282031,-0.525295712724273,-0.518074828495194,-0.509605791797819,-0.499909018062689,-0.489007878183311,-0.476928642570583,-0.463700418170250,-0.449355078602662,-0.433927187599879,-0.417453915930157,-0.399974952014374,-0.381532406453117,-0.362170710697230,-0.341936510108360,-0.320878551669333,-0.299047566616963,-0.276496148281965,-0.253278625432097,-0.229450931425308,-0.205070469489632,-0.180195974455743,-0.154887371276450,-0.129205630674996,-0.103212622270802,-0.076970965537184,-0.050543878950717,-0.023995027696106,0.002611629706162,0.029211995479626,0.055741987007693,0.082137691213371,0.108335518530843,0.134272356097885,0.159885719799990,0.185113904799887,0.209896134189766,0.234172705408096,0.257885134068270,0.280976294852576,0.303390559132072,0.325073928980810,0.345974167261561,0.366040923469646,0.385225855031708,0.403482743767209,0.420767607232065,0.437038804676214,0.452257137359821,0.466385942986482,0.479391184025906,0.491241529713304,0.501908431527946,0.511366191969051,0.519592026463314,0.526566118254941,0.532271666145947,0.536694924971715,0.539825238714303,0.541655066173722,0.542179999135347,0.541398772989696,0.539313269778980,0.535928513663102,0.531252658816014,0.525296969781599,0.518075794336395,0.509606528924548,0.499909576748252,0.489008298614647,0.476928956657589,0.463700651069866,0.449355249998287,0.433927312770521,0.417454006638650,0.399975017240002,0.381532452990979,0.362170743644200,0.341936533253351,0.320878567803613,0.299047577778379,0.276496155945202,0.253278630655426,0.229450934962795,0.205070471876443,0.180195976073003,0.154887372401201,0.129205631520095,0.103212623019159,0.076970966374634,0.050543880101991,0.023995029468934,-0.002611626862836,-0.029211990896002,-0.055741979682942,-0.082137679663643,-0.108335500581566,-0.134272328603480,-0.159885678270839,-0.185113842912834,-0.209896043154692,-0.234172573159350,-0.257884944246006,-0.280976025535373,-0.303390181278031,-0.325073404528596,-0.345973446833895,-0.366039943609512,-0.385224534891049,-0.403480981170562,-0.420765274053231,-0.437035741422282,-0.452253146554585,-0.466380780391738,-0.479384547868317,-0.491233056850626,-0.501897712228757,-0.511352553080665,-0.515617901304711
-0.507995316633000,-0.512680074877307,-0.521122490817691,-0.528309060367882,-0.534222367931660,-0.538848277412809,-0.542175714028071,-0.544196715312636,-0.544906459750751,-0.544303278425581,-0.542388659032903,-0.539167243081820,-0.534646815606767,-0.528838287141245,-0.521755668009732,-0.513416035057823,-0.503839490932166,-0.493049116019210,-0.481070913163386,-0.467933745302642,-0.453669266176735,-0.438311844279866,-0.421898480244707,-0.404468717859911,-0.386064548938067,-0.366730312265627,-0.346512586880466,-0.325460079936327,-0.303623509426354,-0.281055482050201,-0.257810366520748,-0.233944162617341,-0.209514366302503,-0.184579831228395,-0.159200626967843,-0.133437894312428,-0.107353697987074,-0.081010877136609,-0.054472893945051,-0.027803680752697,-0.001067486039686,0.025671280352713,0.052348202390000,0.078899013027595,0.105259749035292,0.131366905089952,0.157157586765171,0.182569662049315,0.207541911026884,0.232014173362588,0.255927493232820,0.279224261355377,0.301848353775248,0.323745267072129,0.344862249663925,0.365148428889933,0.384554933567531,0.403035011727137,0.420544143241798,0.437040147080075,0.452483282923843,0.466836346906193,0.480064761238811,0.492136657512899,0.503022953472958,0.512697423078494,0.521136759684843,0.528320632190923,0.534231734018632,0.538855824805917,0.542181764713049,0.544201541259472,0.544910288626576,0.544306299379873,0.542391028582362,0.539169090289150,0.534648246431794,0.528839388119123,0.521756509399605,0.513416673548458,0.503839971960724,0.493049475749338,0.481071180164795,0.467933941970311,0.453669409923354,0.438311948531011,0.421898555262879,0.404468771420920,0.386064586881009,0.366730338935656,0.346512605481620,0.325460092809743,0.303623518267350,0.281055488075947,0.257810370598613,0.233944165362501,0.209514368152145,0.184579832498794,0.159200627899782,0.133437895109975,0.107353698854554,0.081010878318832,0.054472895776473,0.027803683722256,0.001067490879544,-0.025671272544266,-0.052348189978816,-0.078898993611519,-0.105259719130741,-0.131366859714758,-0.157157518891407,-0.182569561895927,-0.207541765158185,-0.232013963555200,-0.255927195070623,-0.279223842508981,-0.301847771918480,-0.323744467381527,-0.344861161838763,-0.365146963626800,-0.384552978439708,-0.403032426456452,-0.420540754326433,-0.437035741422282,-0.452477599490248,-0.466829066805066,-0.480055506876420,-0.492125014594309,-0.503008221416515,-0.507995316633000
-0.499148926748386,-0.504548869344583,-0.514436308684566,-0.523084032031204,-0.530471069671322,-0.536579736034207,-0.541395382420588,-0.544906459750751,-0.547104556709373,-0.547984419543790,-0.547543964286138,-0.545784282340723,-0.542709638629351,-0.538327461966815,-0.532648327688512,-0.525685932625759,-0.517457062515426,-0.507981551927720,-0.497282236809041,-0.485384899756001,-0.472318208155695,-0.458113645344754,-0.442805434956061,-0.426430458637918,-0.409028167346112,-0.390640486424740,-0.371311714706552,-0.351088417878050,-0.330019316368306,-0.308155168033635,-0.285548645922658,-0.262254211418013,-0.238327983061969,-0.213827601383374,-0.188812090052866,-0.163341713701898,-0.137477832749020,-0.111282755583879,-0.084819588465645,-0.058152083497930,-0.031344485046810,-0.004461374972218,0.022432482954239,0.049272299070075,0.075993413905341,0.102531453952591,0.128822486748043,0.154803174890330,0.180410928625732,0.205584056632307,0.230261914639644,0.254385051526193,0.277895352542203,0.300736179313233,0.322852506286953,0.344191053294506,0.364700413907110,0.384331179278635,0.403036057175847,0.420769985909536,0.437490242892072,0.453156547559863,0.467731158412756,0.481178963936623,0.493467567190067,0.504567363851496,0.514451613538526,0.523096504227901,0.530481209620750,0.536587939314955,0.541401981663798,0.544911739217600,0.547108756662994,0.547987741192519,0.547546575255452,0.545786321659177,0.542711221008784,0.538328681491087,0.532649261027643,0.525686641839803,0.517457597487035,0.507981952457952,0.497282534411376,0.485385119182515,0.472318368686704,0.458113761870346,0.442805518875364,0.426430518599881,0.409028209853722,0.390640516322791,0.371311735571262,0.351088432324926,0.330019326292807,0.308155174797335,0.285548650495902,0.262254214488479,0.238327985117167,0.213827602773990,0.188812091042971,0.163341714511539,0.137477833594493,0.111282756721250,0.084819590243725,0.058152086428061,0.031344489898480,0.004461382905657,-0.022432470204652,-0.049272278944652,-0.075993382679730,-0.102531406285942,-0.128822415090474,-0.154803068717519,-0.180410773464856,-0.205583832840532,-0.230261595894186,-0.254384602983321,-0.277894728620481,-0.300735321052441,-0.322851338229457,-0.344189479838850,-0.364698315111682,-0.384328406148886,-0.403032426456452,-0.420765274053231,-0.437484178185575,-0.453148800921869,-0.467721345105180,-0.481166671908821,-0.493452074261109,-0.499148926748386
-0.489100043378953,-0.495202140844174,-0.506510743389798,-0.516598750171078,-0.525441689119585,-0.533018368459494,-0.539310600950519,-0.544303278425581,-0.547984419543790,-0.550345197815865,-0.551379962080053,-0.551086250501623,-0.549464797172259,-0.546519530913611,-0.542257566278640,-0.536689186825502,-0.529827820727536,-0.521690008778966,-0.512295364869793,-0.501666529024027,-0.489829113115775,-0.476811639396202,-0.462645471981601,-0.447364741469510,-0.431006262866246,-0.413609447025409,-0.395216205812633,-0.375870851227082,-0.355619988724779,-0.334512405002822,-0.312598950516783,-0.289932417016190,-0.266567410394810,-0.242560219163588,-0.217968678864445,-0.192852032752732,-0.167270789084929,-0.141286575356213,-0.114961989839668,-0.088360450785324,-0.061546043642697,-0.034583366675191,-0.007537375338517,0.019526774201805,0.046543882036748,0.073448861585663,0.100176896395283,0.126663596288052,0.152845152483587,0.178658491319538,0.204041426201514,0.228932807416008,0.253272669445387,0.277002375430065,0.300064758429825,0.322404259143981,0.343967059758594,0.364701213598301,0.384556770270400,0.403485895999727,0.421442988864401,0.438384788654856,0.454270481091469,0.469061796149739,0.482723100256123,0.495221482132440,0.506526832082021,0.516611914526606,0.525452433619237,0.533027091775082,0.539317640979181,0.544308926747515,0.547988924635481,0.550348769205839,0.551382775386319,0.551088452165463,0.549466508593688,0.546520852075121,0.542258578954320,0.536689957420556,0.529828402770848,0.521690445091331,0.512295689434833,0.501666768590578,0.489829288559812,0.476811766868697,0.462645563867085,0.447364807178682,0.431006309484612,0.413609479838438,0.395216228726322,0.375870867101038,0.355619999633105,0.334512412436258,0.312598955537792,0.289932420377048,0.266567412627311,0.242560220647769,0.217968679882816,0.192852033535920,0.167270789854435,0.141286576370222,0.114961991448547,0.088360453504660,0.061546048253476,0.034583374363007,0.007537387886508,-0.019526754148293,-0.046543850612115,-0.073448813227006,-0.100176823216708,-0.126663487272844,-0.152844992457356,-0.178658259665023,-0.204041095274470,-0.228932340621390,-0.253272018932930,-0.277001479366932,-0.300063537806673,-0.322402614079106,-0.343964865302629,-0.364698315111682,-0.384552978439708,-0.403480981170561,-0.421436673585507,-0.438376739026215,-0.454260310647686,-0.469049099902709,-0.482707138747564,-0.489100043378953
-0.477872875164916,-0.484662410666995,-0.497364900644051,-0.508868857845189,-0.519146367699559,-0.528172783883376,-0.535926424642084,-0.542388659032903,-0.547543964286138,-0.551379962080053,-0.553887447282931,-0.555060410369725,-0.554896052481349,-0.553394792669166,-0.550560267294347,-0.546399321638983,-0.540921993771378,-0.534141490702057,-0.526074156881055,-0.516739435108888,-0.506159819955058,-0.494360803797361,-0.481370815613242,-0.467221152671847,-0.451945905292588,-0.435581874852949,-0.418168485244700,-0.399747687993738,-0.380363861274078,-0.360063703061308,-0.338896118684892,-0.316912103052096,-0.294164617829033,-0.270708463876291,-0.246600149247866,-0.221897753072613,-0.196660785647172,-0.170950045078246,-0.144827470820290,-0.118355994461995,-0.091599388121449,-0.064622110815531,-0.037489153173890,-0.010265880871788,0.016982122840885,0.044189215134961,0.071289851741027,0.098218744851111,0.124911020402604,0.151302374365472,0.177329227656244,0.202928879305554,0.228039657510252,0.252601068206156,0.276553940803550,0.299840570734308,0.322404858467249,0.344192444656821,0.365150841099522,0.385229557182582,0.404380221520267,0.422556698484786,0.439715199351060,0.455814387787596,0.470815479439326,0.484682335362522,0.497381549086670,0.508882527093591,0.519157562519898,0.528181901905262,0.535933804825666,0.542394596267987,0.547548711619741,0.551383734165600,0.553890425000340,0.555062745286179,0.554897870800863,0.553396198741466,0.550561346767503,0.546400144285675,0.540922615997226,0.534141957747558,0.526074504736281,0.516739692164278,0.506160008412603,0.494360940865992,0.481370914511505,0.467221223460237,0.451945955557048,0.435581910259950,0.418168509986993,0.399747705144231,0.380363873063597,0.360063711094192,0.338896124104612,0.316912106667436,0.294164620209891,0.270708465426894,0.246600150264235,0.221897753790504,0.196660786286480,0.170950045890099,0.144827472143792,0.118355996798813,0.091599392238278,0.064622117886853,0.037489164980370,0.010265900073046,-0.016982092336598,-0.044189167677640,-0.071289779291781,-0.098218636146720,-0.124910859894384,-0.151302140893225,-0.177328892817733,-0.202928405483123,-0.228038995517776,-0.252600154520228,-0.276552694343987,-0.299838889171491,-0.322402614079106,-0.344189479838850,-0.365146963626800,-0.385224534891048,-0.404373775196063,-0.422548493602538,-0.439704851824081,-0.455801503236110,-0.470799304582676,-0.477872875164916
-0.465494469337886,-0.472955073230676,-0.487020823264991,-0.499912992476614,-0.511600291676373,-0.522054679875549,-0.531251033282031,-0.539167243081820,-0.545784282340723,-0.551086250501623,-0.555060410369725,-0.557697218925470,-0.558990350829064,-0.558936714100968,-0.557536457926714,-0.554792972627132,-0.550712881816897,-0.545306026765895,-0.538585442991744,-0.530567329134405,-0.521271008186134,-0.510718881170196,-0.498936373380343,-0.485951873311111,-0.471796664426781,-0.456504849934427,-0.440113270743653,-0.422661416812324,-0.404191332093721,-0.384747513316036,-0.364376802840017,-0.343128275854749,-0.321053122185104,-0.298204522997216,-0.274637522700450,-0.250408896355724,-0.225577012910667,-0.200201694591986,-0.174344072794485,-0.148066440814489,-0.121432103782893,-0.094505226159702,-0.067350677157716,-0.040033874467940,-0.012620626663335,0.014823025339327,0.042230967377501,0.069537171317464,0.096675854121740,0.123581636326103,0.150189699544377,0.176435942621566,0.202257136059127,0.227591074340359,0.252376725788923,0.276554379599497,0.300065789686328,0.322854315003156,0.344865055996448,0.366044986863237,0.386343083294920,0.405710445399290,0.424100415504655,0.441468690562261,0.457773428876213,0.472975350903785,0.487037833883281,0.499927000061477,0.511611798308091,0.522064078920680,0.531258661439736,0.539173395310620,0.545789213246188,0.551090177161555,0.555063516570338,0.557699659349877,0.558992254801315,0.558938188948986,0.557537592042258,0.554793838241747,0.550713537490667,0.545306519590895,0.538585810522115,0.530567601061083,0.521271207776621,0.510719026494300,0.498936478342920,0.485951948512766,0.471796717873176,0.456504887614164,0.440113297093652,0.422661435088233,0.404191344661286,0.384747521877681,0.364376808609130,0.343128279688545,0.321053124685423,0.298204524587345,0.274637523685053,0.250408896970328,0.225577013366900,0.200201695124982,0.174344073719620,0.148066442601870,0.121432107159917,0.094505232254433,0.067350687698831,0.040033892060485,0.012620655163347,-0.014822980324213,-0.042230897830384,-0.069537065962771,-0.096675697346663,-0.123581406834157,-0.150189368702892,-0.176435472467278,-0.202256476929072,-0.227590162097547,-0.252375478615307,-0.276552694343987,-0.300063537806673,-0.322851338229457,-0.344861161838763,-0.366039943609512,-0.386336613171823,-0.405702216569402,-0.424090049448221,-0.441455806213102,-0.457757262067061,-0.465494469337886
-0.451994646561722,-0.460108335146193,-0.475503438761751,-0.489752741932937,-0.502821656673825,-0.514678815295040,-0.525295712724273,-0.534646815606767,-0.542709638629351,-0.549464797172258,-0.554896052481349,-0.558990350829064,-0.561737855426510,-0.563131970514643,-0.563169357562995,-0.561849943602538,-0.559176921697271,-0.555156743547881,-0.549799104234210,-0.543116919126326,-0.535126293017018,-0.525846481549223,-0.515299845031035,-0.503511794749489,-0.490510731912657,-0.476327979367807,-0.460997706261160,-0.444556845822190,-0.427045006472201,-0.408504376473168,-0.388979622348407,-0.368517781321665,-0.347168148035481,-0.324982155823388,-0.302013252823415,-0.278316773232640,-0.253949804014046,-0.228971047377686,-0.203440679368232,-0.177420204900130,-0.150972309590094,-0.124160708744225,-0.097049993863824,-0.069705477039895,-0.042193033611332,-0.014578943465953,0.013070268633214,0.040687993311695,0.068207697051242,0.095563082474804,0.122688248062658,0.149517846914901,0.175987244177828,0.202032672754942,0.227591386927462,0.252601813514250,0.277003700206993,0.300738260723289,0.323748316427948,0.345978434081332,0.367375059382885,0.387886645988131,0.407463779688335,0.426059297453658,0.443628401053028,0.460128764977003,0.475520638403629,0.489766940961651,0.502833352060379,0.514688393570994,0.525303505660117,0.534653115592951,0.542714699340238,0.549468835840619,0.554899253787671,0.558992870828910,0.561739825082320,0.563133498894497,0.563170534783147,0.561850843525559,0.559177604373545,0.555157257394341,0.549799487955918,0.543117203394071,0.535126501917510,0.525846633825849,0.515299955133929,0.503511873714191,0.490510788086862,0.476328019005386,0.460997734001954,0.444556865074894,0.427045019716249,0.408504385493929,0.388979628418353,0.368517785338544,0.347168150627064,0.324982157427038,0.302013253747742,0.278316773707815,0.253949804237087,0.228971047559257,0.203440679788180,0.177420205980338,0.150972311995062,0.124160713522317,0.097050002645135,0.069705492310220,0.042193059085570,0.014578984588325,-0.013070204030877,-0.040687894158879,-0.068207547957740,-0.095562862381825,-0.122687928589349,-0.149517390366934,-0.175986601188863,-0.202031779535166,-0.227590162097547,-0.252600154520228,-0.277001479366931,-0.300735321052441,-0.323744467381527,-0.345973446833895,-0.367368660197007,-0.387878508370322,-0.407453533221948,-0.426046576517972,-0.443612433207434,-0.451994646561722
-0.437405929091934,-0.446153147427013,-0.462840499743423,-0.478412593196968,-0.492831624634576,-0.506062975559877,-0.518074828495194,-0.528838287141245,-0.538327461966815,-0.546519530913611,-0.553394792669166,-0.558936714100968,-0.563131970514643,-0.565970478108915,-0.567445418536436,-0.567553255583375,-0.566293743954782,-0.563669930138686,-0.559688145334570,-0.554357990455236,-0.547692313234592,-0.539707177495039,-0.530421824647613,-0.519858627517059,-0.508043036602813,-0.495003518905588,-0.480771489467683,-0.465381235793114,-0.448869835331128,-0.431277066223587,-0.412645311533014,-0.393019457183804,-0.372446783864227,-0.350976853151212,-0.328661388133758,-0.305554148823809,-0.281710802655888,-0.257188790388359,-0.232047187730167,-0.206346563026982,-0.180148831350110,-0.153517105340011,-0.126515543164068,-0.099209193955065,-0.071663841102904,-0.043945843777181,-0.016121977062479,0.011740728908424,0.039575150435862,0.067314231960053,0.094891147603750,0.122239462161590,0.149293291148296,0.175987459520155,0.202257658687397,0.228040601439210,0.253274174408177,0.277897587706807,0.301851521375704,0.325078268290540,0.347521873183573,0.369128267444787,0.389845399377909,0.409623359597507,0.428414501265066,0.446173554874398,0.462857737309851,0.478426854914574,0.492843400320565,0.506072642807200,0.518082711970584,0.528844674502143,0.538332603891503,0.546523642885719,0.553398058554402,0.558939289828076,0.563133987395246,0.565972045862053,0.567446628097059,0.567554181702487,0.566294447572258,0.563670460516200,0.559688541948911,0.554358284660918,0.547692529708783,0.539707335479862,0.530421939006215,0.519858709620874,0.508043095068123,0.495003560197594,0.480771518389887,0.465381255878922,0.448869849153345,0.431277075636014,0.412645317856801,0.393019461349656,0.372446786520087,0.350976854743778,0.328661388971150,0.305554149126042,0.281710802599482,0.257188790151660,0.232047187546609,0.206346563254863,0.180148832569307,0.153517108488583,0.126515549730724,0.099209206247028,0.071663862612531,0.043945879674711,0.016122034846117,-0.011740638570612,-0.039575012635588,-0.067314026212900,-0.094890846212529,-0.122239028247858,-0.149292676325914,-0.175986601188863,-0.202256476929072,-0.228038995517776,-0.253272018932929,-0.277894728620481,-0.301847771918480,-0.325073404528596,-0.347515627535395,-0.369120320923183,-0.389835391734129,-0.409610942384359,-0.428398896174465,-0.437405929091934
-0.421763462426730,-0.431123131035819,-0.449062517378125,-0.465919873853000,-0.481654273415748,-0.496227930417683,-0.509605791797819,-0.521755668009732,-0.532648327688512,-0.542257566278640,-0.550560267294347,-0.557536457926714,-0.563169357562995,-0.567445418536436,-0.570354358996576,-0.571889187899525,-0.572046222088241,-0.570825095415900,-0.568228759877366,-0.564263478737309,-0.558938811667400,-0.552267591926465,-0.544265895637263,-0.534953003232877,-0.524351353164938,-0.512486487985046,-0.499386992929729,-0.485084427157797,-0.469613247807029,-0.453010727054683,-0.435316862383292,-0.416574280269635,-0.396828133530579,-0.376125992574683,-0.354517730822991,-0.332055404576340,-0.308793127619702,-0.284786940866595,-0.260094677358359,-0.234775822944160,-0.208891372977829,-0.182503685377148,-0.155676330399865,-0.128473937498546,-0.100962039623363,-0.073206915348019,-0.045275429199223,-0.017234870574429,0.010847208364054,0.038903155428035,0.066865381383419,0.094666522778547,0.122239604228625,0.149518199765272,0.176436592862486,0.202929934753504,0.228934400657156,0.254387343537351,0.279227445025272,0.303394863140695,0.326831376456563,0.349480524359501,0.371287743068380,0.392200497083241,0.412168405747923,0.431143364621470,0.449079661365946,0.465934085871458,0.481666034353099,0.496237607169022,0.509613700123993,0.521762089038476,0.532653507379502,0.542261716766312,0.550563570180911,0.557539067731264,0.563171404832787,0.567447012692061,0.570355590995245,0.571890132722429,0.572046941028156,0.570825638147445,0.568229166305848,0.564263780631364,0.558939034085271,0.552267754448182,0.544266013416772,0.534953087885601,0.524351413507339,0.512486530643232,0.499387022834050,0.485084447939720,0.469613262113573,0.453010736794366,0.435316868916105,0.416574284552071,0.396828136225329,0.376125994133338,0.354517731549079,0.332055404675321,0.308793127242252,0.284786940151654,0.260094676483138,0.234775822189550,0.208891372819550,0.182503686615450,0.155676334343643,0.128473946223242,0.100962056325866,0.073206944825725,0.045275478484178,0.017234949756613,-0.010847085088250,-0.038902968446023,-0.066865104061515,-0.094666119532815,-0.122239028247858,-0.149517390366934,-0.176435472467278,-0.202928405483123,-0.228932340621390,-0.254384602983321,-0.279223842508981,-0.303390181278031,-0.326825355570255,-0.349472854757102,-0.371278076386496,-0.392188503482782,-0.412153303320975,-0.421763462426730
-0.405104930638424,-0.415054495968743,-0.434202688120279,-0.452304686606910,-0.469316539222603,-0.485197384394119,-0.499909018062689,-0.513416035057823,-0.525685932625759,-0.536689186825502,-0.546399321638983,-0.554792972627132,-0.561849943602538,-0.567553255583375,-0.571889187899525,-0.574847311437141,-0.576420513975006,-0.576605017546399,-0.575400387771167,-0.572809535126400,-0.568838708148206,-0.563497478578771,-0.556798718492847,-0.548758569457415,-0.539396403797785,-0.528734778062970,-0.516799378802556,-0.503618960786363,-0.489225277816790,-0.473653006301882,-0.456939661774764,-0.439125508562164,-0.420253462821252,-0.400368989179908,-0.379519991230863,-0.357756696144792,-0.335131533681428,-0.311699009891139,-0.287515575811979,-0.262639491479173,-0.237130685575143,-0.211050611058564,-0.184462097120550,-0.157429197824839,-0.130017037796765,-0.102291655332888,-0.074319843309332,-0.046168988272146,-0.017906908097375,0.010398311388033,0.038678480430879,0.066865469626752,0.094891374049708,0.122688676841158,0.150190411863891,0.177330325029349,0.204043033909528,0.230264185248971,0.255930609997397,0.280980475489468,0.305353434405105,0.328990770151460,0.351835538316333,0.373832703852248,0.394929273660706,0.415074424257197,0.434219624209426,0.452318751053788,0.469328202408417,0.485207001015149,0.499916893457321,0.513422442315604,0.525691111539853,0.536693344831297,0.546402636846252,0.554795597049819,0.561852006065726,0.567554864386577,0.571890433327156,0.574848268122115,0.576421243088328,0.576605568791281,0.575400801174142,0.572809842627519,0.568838934997332,0.563497644547631,0.556798838914589,0.548758656107189,0.539396465629276,0.528734821816627,0.516799409501463,0.503618982135280,0.489225292519102,0.473653016308021,0.456939668474366,0.439125512930824,0.420253465531362,0.400368990683859,0.379519991823854,0.357756696013787,0.335131532946507,0.311699008645587,0.287515574168149,0.262639489628403,0.237130683871830,0.211050610140988,0.184462098084033,0.157429202466323,0.130017048953692,0.102291677343168,0.074319882622868,0.046169054247440,0.017907014018548,-0.010398147038626,-0.038678232411902,-0.066865104061515,-0.094890846212529,-0.122687928589349,-0.150189368702892,-0.177328892817733,-0.204041095274470,-0.230261595894186,-0.255927195070623,-0.280976025535373,-0.305347699107460,-0.328983450614519,-0.351826299518374,-0.373821235776481,-0.394914792971138,-0.405104930638423
