-0.266712757474898,-0.266632428578863,-0.265990087704174,-0.264706953410226,-0.262786116879921,-0.260232205576708,-0.257051372096611,-0.253251279346092,-0.248841082081436,-0.243831404854142,-0.238234316415445,-0.232063300641642,-0.225333224050248,-0.218060299985258,-0.210262049557778,-0.201957259436132,-0.193165936587137,-0.183909260077567,-0.174209530051921,-0.164090114009427,-0.153575390509688,-0.142690690442595,-0.131462236003998,-0.119917077524136,-0.108083028301022,-0.095988597595776,-0.083662921951314,-0.071135694999864,-0.058437095928409,-0.045597716774377,-0.032648488726747,-0.019620607610105,-0.006545458731168,0.006545458731167,0.019620607610105,0.032648488726747,0.045597716774377,0.058437095928409,0.071135694999864,0.083662921951313,0.095988597595776,0.108083028301022,0.119917077524136,0.131462236003998,0.142690690442595,0.153575390509688,0.164090114009427,0.174209530051920,0.183909260077567,0.193165936587137,0.201957259436131,0.210262049557777,0.218060299985258,0.225333224050248,0.232063300641642,0.238234316415445,0.243831404854142,0.248841082081436,0.253251279346092,0.257051372096611,0.260232205576708,0.262786116879921,0.264706953410226,0.265990087704174,0.266632428578863,0.266632428578863,0.265990087704174,0.264706953410226,0.262786116879921,0.260232205576708,0.257051372096611,0.253251279346092,0.248841082081436,0.243831404854142,0.238234316415445,0.232063300641642,0.225333224050248,0.218060299985258,0.210262049557778,0.201957259436132,0.193165936587137,0.183909260077567,0.174209530051921,0.164090114009427,0.153575390509688,0.142690690442595,0.131462236003998,0.119917077524136,0.108083028301022,0.095988597595776,0.083662921951314,0.071135694999864,0.058437095928409,0.045597716774377,0.032648488726747,0.019620607610105,0.006545458731168,-0.006545458731167,-0.019620607610105,-0.032648488726747,-0.045597716774377,-0.058437095928409,-0.071135694999864,-0.083662921951313,-0.095988597595776,-0.108083028301022,-0.119917077524136,-0.131462236003998,-0.142690690442595,-0.153575390509688,-0.164090114009427,-0.174209530051920,-0.183909260077567,-0.193165936587137,-0.201957259436131,-0.210262049557777,-0.218060299985258,-0.225333224050248,-0.232063300641642,-0.238234316415445,-0.243831404854142,-0.248841082081436,-0.253251279346092,-0.257051372096611,-0.260232205576708,-0.262786116879921,-0.264706953410226,-0.265990087704174,-0.266632428578863,-0.266712757474898
-0.266632428578863,-0.266983835718044,-0.267204097558072,-0.266780576392047,-0.265714309363392,-0.264007882820729,-0.261665416146168,-0.258692557515023,-0.255096472385597,-0.250885826762490,-0.246070766551569,-0.240662893293275,-0.234675236339460,-0.228122221546353,-0.221019636574605,-0.213384592892639,-0.205235484581631,-0.196591944044577,-0.187474794727750,-0.177906000969550,-0.167908615098357,-0.157506721907439,-0.146725380641075,-0.135590564631919,-0.124129098735219,-0.112368594710732,-0.100337384708117,-0.088064453016134,-0.075579366240140,-0.062912202076191,-0.050093476853380,-0.037154072019056,-0.024125159744088,-0.011038127827447,0.002075495918923,0.015184119622729,0.028256163458450,0.041260135725541,0.054164708714448,0.066938794177618,0.079551618223671,0.091972795454315,0.104172402165359,0.116121048435496,0.127789948929163,0.139150992242920,0.150176808628263,0.160840835927742,0.171117383565511,0.180981694438181,0.190410004556839,0.199379600296581,0.207868873115623,0.215857371612170,0.223325850793633,0.230256318439501,0.236632078446177,0.242437771049354,0.247659409827033,0.252284415394037,0.256301645706852,0.259701422905786,0.262475556629782,0.264617363747713,0.266121684458632,0.266984894722184,0.267204914989236,0.266781215211692,0.265714816119428,0.264008286761263,0.261665738315896,0.258692814187714,0.255096676411339,0.250885988397659,0.246070894062912,0.240662993391102,0.234675314488623,0.228122282198411,0.221019683349229,0.213384628723818,0.205235511837521,0.196591964626692,0.187474810153645,0.177906012442067,0.167908623563763,0.157506728104195,0.146725385140601,0.135590567872483,0.124129101049885,0.112368596350218,0.100337385859299,0.088064453816860,0.075579366790965,0.062912202449530,0.050093477100566,0.037154072175690,0.024125159834021,0.011038127865696,-0.002075495924075,-0.015184119668232,-0.028256163545360,-0.041260135858074,-0.054164708898950,-0.066938794421175,-0.079551618531995,-0.091972795828417,-0.104172402596413,-0.116121048897099,-0.127789949366026,-0.139150992554762,-0.150176808647458,-0.160840835388960,-0.171117382065308,-0.180981691382160,-0.190409999091666,-0.199379591223649,-0.207868858782453,-0.215857349776349,-0.223325818452128,-0.230256271613640,-0.236632011910004,-0.242437677985015,-0.247659281374324,-0.252284240002830,-0.256301408079206,-0.259701102273069,-0.262475124586932,-0.264616780618360,-0.266120858881552,-0.266632428578863
-0.265990087704174,-0.267204097558072,-0.269149034040858,-0.270445429172510,-0.271090167398154,-0.271081739008031,-0.270420186967731,-0.269107118880399,-0.267145708312621,-0.264540688392048,-0.261298340975513,-0.257426481992105,-0.252934442969774,-0.247833048788890,-0.242134591756892,-0.235852802102213,-0.229002814978072,-0.221601134064594,-0.213665591861511,-0.205215306770134,-0.196270637070302,-0.186853131904898,-0.176985479391178,-0.166691451984694,-0.155995849227953,-0.144924438022089,-0.133503890565742,-0.121761720110887,-0.109726214690620,-0.097426368978771,-0.084891814445698,-0.072152747978733,-0.059239859139402,-0.046184256232866,-0.033017391367814,-0.019770984687517,-0.006476947954674,0.006832692325741,0.020125872060341,0.033370566811967,0.046534868948953,0.059587064513113,0.072495709621244,0.085229706216057,0.097758376984019,0.110051539259631,0.122079577738060,0.133813515820982,0.145225085423720,0.156286795075525,0.166971996148928,0.177254947058615,0.187110875275155,0.196516037004189,0.205447774387315,0.213884570086846,0.221806099122964,0.229193277838377,0.236028309872517,0.242294729034537,0.247977438971801,0.253062749538324,0.257538409775530,0.261393637425887,0.264619144908306,0.267207161692741,0.269151453020075,0.270447334922201,0.271091685506111,0.271082952474808,0.270421156866932,0.269107893006067,0.267146324659883,0.264541177418338,0.261298727309322,0.257426785679150,0.252934680374352,0.247833233270068,0.242134734199205,0.235852911345149,0.229002898169377,0.221601196953610,0.213665639044379,0.205215341895743,0.196270663013667,0.186853150912997,0.176985493205202,0.166691461941914,0.155995856345962,0.144924443067857,0.133503894111641,0.121761722579667,0.109726216391074,0.097426370133661,0.084891815213320,0.072152748469311,0.059239859427365,0.046184256365875,0.033017391373338,0.019770984577621,0.006476947729677,-0.006832692674085,-0.020125872545404,-0.033370567447676,-0.046534869742973,-0.059587065456380,-0.072495710672012,-0.085229707276146,-0.097758377864373,-0.110051539631600,-0.122079577066100,-0.133813513271619,-0.145225079744762,-0.156286784438579,-0.166971977947232,-0.177254917650882,-0.187110829664033,-0.196515968434344,-0.205447673842548,-0.213884425658618,-0.221805895215849,-0.229192994167851,-0.236027920167052,-0.242294199196459,-0.247976724132722,-0.253061789452316,-0.257537123969599,-0.261391920914013,-0.264616780618360,-0.265990087704174
-0.264706953410226,-0.266780576392047,-0.270445429172510,-0.273458592421904,-0.275812782428991,-0.277502384910484,-0.278523360587233,-0.278873269811755,-0.278551285112275,-0.277558194458949,-0.275896399969953,-0.273569912754823,-0.270584343760830,-0.266946890600594,-0.262666320441238,-0.257752949046730,-0.252218616051876,-0.246076656540067,-0.239341868999542,-0.232030479739672,-0.224160103856393,-0.215749702843389,-0.206819538952924,-0.197391126417448,-0.187487179650269,-0.177131558550625,-0.166349211045391,-0.155166113006196,-0.143609205687087,-0.131706330833781,-0.119486163621171,-0.106978143580961,-0.094212403686136,-0.081219697763394,-0.068031326408655,-0.054679061584377,-0.041195070080515,-0.027611836023682,-0.013962082621352,-0.000278693329733,0.013405367364687,0.027057133358998,0.040643716351757,0.054132385073564,0.067490644139392,0.080686312332710,0.093687600132780,0.106463186298350,0.118982293323232,0.131214761581992,0.143131121987115,0.154702666982610,0.165901519703016,0.176700701131218,0.187074195093251,0.196997010933547,0.206445243719607,0.215396131831081,0.223828111794503,0.231720870231585,0.239055392795929,0.245814009980248,0.251980439683761,0.257539826437196,0.262478777190919,0.266785393579963,0.270449300588233,0.273461671542825,0.275815249378256,0.277504364119373,0.278524946540814,0.278874537970134,0.278552296210959,0.277558997571911,0.275897034996415,0.273570412297884,0.270584734514187,0.266947194404616,0.262666555121904,0.257753129101018,0.252218753215599,0.246076760261897,0.239341946838896,0.232030537702001,0.224160146676183,0.215749734222722,0.206819561761781,0.197391142860855,0.187487191406684,0.177131566885472,0.166349216903253,0.155166117084867,0.143609208496325,0.131706332741329,0.119486164888292,0.106978144389468,0.094212404158601,0.081219697978006,0.068031326410002,0.054679061391257,0.041195069691846,0.027611835423597,0.013962081784650,0.000278692229148,-0.013405368747601,-0.027057135017034,-0.040643718226307,-0.054132387016132,-0.067490645855647,-0.080686313303227,-0.093687599503408,-0.106463182731846,-0.118982284802397,-0.131214745153109,-0.143131093430955,-0.154702620398319,-0.165901446987165,-0.176700591329062,-0.187074033591222,-0.196996778452596,-0.206444915062189,-0.215395674326599,-0.223827483334581,-0.231720016566318,-0.239054243333675,-0.245812471613241,-0.251978392186735,-0.257537123969599,-0.262475124586932,-0.264706953410226
-0.262786116879921,-0.265714309363392,-0.271090167398154,-0.275812782428991,-0.279870713746809,-0.283254249883834,-0.285955274864020,-0.287967305065615,-0.289285512378867,-0.289906736725490,-0.289829494061132,-0.289053980590722,-0.287582072875479,-0.285417323718235,-0.282564953878996,-0.279031839697753,-0.274826496686290,-0.269959059142058,-0.264441255839764,-0.258286381863876,-0.251509266653852,-0.244126238342140,-0.236155084473017,-0.227615009198324,-0.218526587054156,-0.208911713430537,-0.198793551853943,-0.188196478210180,-0.177146022042425,-0.165668805066326,-0.153792477050699,-0.141545649218722,-0.128957825330491,-0.116059330613334,-0.102881238711456,-0.089455296831218,-0.075813849262656,-0.061989759461718,-0.048016330881132,-0.033927226740775,-0.019756388930972,-0.005537956244162,0.008693817867969,0.022904647813740,0.037060298458247,0.051126667598647,0.065069868119257,0.078856309628516,0.092452779381131,0.105826522290466,0.118945319838391,0.131777567692507,0.144292351843737,0.156459523080881,0.168249769622702,0.179634687732570,0.190586850145556,0.201079872143108,0.211088475116153,0.220588547463477,0.229557202678687,0.237972834485809,0.245815168890696,0.253065313022859,0.259705800650048,0.265720634255928,0.271095323579507,0.275816920523438,0.279874050347118,0.283256939069441,0.285957437015167,0.287969038448210,0.289286897244522,0.289907838566831,0.289830366513104,0.289054667720302,0.287582610914759,0.285417742410253,0.282565277564628,0.279032088215537,0.274826686125582,0.269959202476729,0.264441363463405,0.258286462043058,0.251509325912252,0.244126281785438,0.236155116062452,0.227615031979496,0.218526603346829,0.208911724984608,0.198793559976286,0.188196483866634,0.177146025938805,0.165668807711922,0.153792478807338,0.141545650338089,0.128957825982032,0.116059330904747,0.102881238703504,0.089455296548410,0.075813848701242,0.061989758596469,0.048016329672532,0.033927225144606,0.019756386912738,0.005537953801548,-0.008693820670560,-0.022904650793368,-0.037060301237885,-0.051126669499958,-0.065069868014120,-0.078856305738012,-0.092452769008882,-0.105826501475427,-0.118945282910391,-0.131777506711582,-0.144292255900895,-0.156459377431955,-0.168249554617959,-0.179634377495583,-0.190586410952311,-0.201079260454515,-0.211087635168085,-0.220587408062433,-0.229555672358298,-0.237970794789442,-0.245812471613241,-0.253061789452316,-0.259701102273069,-0.262786116879921
-0.260232205576708,-0.264007882820729,-0.271081739008031,-0.277502384910484,-0.283254249883834,-0.288323546259185,-0.292698098499251,-0.296367392734867,-0.299322610487463,-0.301556650288653,-0.303064144838265,-0.303841474490530,-0.303886776559006,-0.303199950227855,-0.301782657085977,-0.299638317341443,-0.296772101757894,-0.293190919344836,-0.288903400836855,-0.283919878005723,-0.278252358859134,-0.271914498789020,-0.264921567741233,-0.257290413487190,-0.249039421086931,-0.240188468641964,-0.230758879445074,-0.220773370642912,-0.210255998535561,-0.199232100645402,-0.187728234695341,-0.175772114643940,-0.163392543932040,-0.150619346102170,-0.137483292958322,-0.124016030439563,-0.110250002386398,-0.096218372383844,-0.081954943869746,-0.067494078700988,-0.052870614373968,-0.038119780098852,-0.023277111929918,-0.008378367156488,0.006540561839226,0.021443734049830,0.036295246427653,0.051059320378246,0.065700387954097,0.080183177540890,0.094472798829894,0.108534826871754,0.122335385009200,0.135841226488873,0.149019814555667,0.161839400836612,0.174269101825492,0.186278973283908,0.197840082379574,0.208924577388044,0.219505754789956,0.229558123602146,0.239057466787662,0.247980899596725,0.256306924698099,0.264015483968040,0.271088006812076,0.277507454903197,0.283258363228674,0.288326877346631,0.292700786762607,0.296369554345711,0.299324341713488,0.301558030524360,0.303065239626333,0.303842338020663,0.303887453609250,0.303200477704686,0.301783065292091,0.299638631042110,0.296772341084666,0.293191100563304,0.288903537000084,0.283919979511124,0.278252433922842,0.271914553848854,0.264921607797204,0.257290442387159,0.249039441764184,0.240188483310868,0.230758889760481,0.220773377828537,0.210256003486087,0.199232104006595,0.187728236926004,0.175772116063051,0.163392544753986,0.150619346462578,0.137483292932671,0.124016030056488,0.110250001637515,0.096218371231906,0.081954942257177,0.067494076561233,0.052870611648722,0.038119776765121,0.023277108041954,0.008378362909044,-0.006540566018311,-0.021443737367884,-0.036295247544463,-0.051059317158519,-0.065700377139131,-0.080183154321517,-0.094472756300883,-0.108534755345745,-0.122335271164951,-0.135841052322748,-0.149019556096683,-0.161839026578457,-0.174268570833914,-0.186278232954988,-0.197839065786774,-0.208923199872467,-0.219503908894254,-0.229555672358298,-0.239054243333675,-0.247976724132722,-0.256301408079206,-0.260232205576708
-0.257051372096611,-0.261665416146168,-0.270420186967731,-0.278523360587233,-0.285955274864020,-0.292698098499251,-0.298735624547062,-0.304053333035410,-0.308638435361959,-0.312479904991304,-0.315568503699434,-0.317896804258359,-0.319459208880351,-0.320251963114705,-0.320273165177690,-0.319522770751935,-0.318002593275347,-0.315716299729026,-0.312669401937693,-0.308869243406607,-0.304324981730075,-0.299047566616963,-0.293049713588312,-0.286345873411850,-0.278952197347916,-0.270886498291199,-0.262168207902438,-0.252818329833912,-0.242859389161957,-0.232315378148893,-0.221211698465624,-0.209575100014679,-0.197433616501656,-0.184816497910831,-0.171754140048135,-0.158278011321683,-0.144420576936663,-0.130215220687577,-0.115696164536505,-0.100898386171401,-0.085857534743212,-0.070609844984965,-0.055192049919827,-0.039641292368530,-0.023995035469399,-0.008290972426599,0.007433064295938,0.023139194116135,0.038789579591334,0.054346517571973,0.069772530031737,0.085030454355396,0.100083532866782,0.114895501381245,0.129430676569246,0.143654041920616,0.157531332102399,0.171029115507037,0.184114874792041,0.196757085217114,0.208925290590015,0.220590176638191,0.231723641629428,0.242298864071387,0.252290367326923,0.261674080989543,0.270427398871117,0.278529233462167,0.285960066733527,0.292701997156982,0.298738782831619,0.304055880611987,0.308640481143810,0.312481539722843,0.315569802902530,0.317897830786371,0.319460014951279,0.320252591958765,0.320273652421391,0.319523145602646,0.318002879539176,0.315716516685061,0.312669565088636,0.308869365123113,0.304325071802966,0.299047632728684,0.293049761713012,0.286345908152231,0.278952222216236,0.270886515941291,0.262168220319170,0.252818338486055,0.242859395123955,0.232315382196543,0.221211701150124,0.209575101718988,0.197433617482608,0.184816498329948,0.171754139993719,0.158278010824451,0.144420575981074,0.130215219220979,0.115696162478509,0.100898383426327,0.085857531219215,0.070609840624450,0.055192044747098,0.039641286562197,0.023995029468934,0.008290967084514,-0.007433067502573,-0.023139192798773,-0.038789570069349,-0.054346494378049,-0.069772485281254,-0.085030376956075,-0.100083407542196,-0.114895307476666,-0.129430386600975,-0.143653619826478,-0.157530731165043,-0.171028275955091,-0.184113721058475,-0.196755522520191,-0.208923199872467,-0.220587408062433,-0.231720016566318,-0.242294199196459,-0.252284240002830,-0.257051372096611
-0.253251279346092,-0.258692557515023,-0.269107118880399,-0.278873269811755,-0.287967305065615,-0.296367392734867,-0.304053333035410,-0.311006634206724,-0.317210567665437,-0.322650207786066,-0.327312467189544,-0.331186128566628,-0.334261872203126,-0.336532298813350,-0.337991947629617,-0.338637309763583,-0.338466836837828,-0.337480944874384,-0.335682013431745,-0.333074379993958,-0.329664329627908,-0.325460079936327,-0.320471761344654,-0.314711392770456,-0.308192852734705,-0.300931845985070,-0.292945865712053,-0.284254151449526,-0.274877642761595,-0.264838928827971,-0.254162194049921,-0.242873159808450,-0.230999022515697,-0.218568388109367,-0.205611203148615,-0.192158682677886,-0.178243235032978,-0.163898383770869,-0.149158686911723,-0.134059653687911,-0.118637659000823,-0.102929855791718,-0.086974085537862,-0.070808787089662,-0.054472904068506,-0.038005791048431,-0.021447118747687,-0.004836778458627,0.011785214053839,0.028378814953665,0.044904048802753,0.061321104865253,0.077590433015106,0.093672839015747,0.109529578942453,0.125122452519844,0.140413895149691,0.155367068407324,0.169945948788620,0.184115414493778,0.197841330038817,0.211090628490939,0.223831391129671,0.236032924341858,0.247665833565263,0.258702094102644,0.269115118635705,0.278879821276272,0.287972678000396,0.296371783319791,0.304056903054065,0.311009523076641,0.317212893916908,0.322652071111160,0.327313951205117,0.331187303321301,0.334262796215193,0.336533020755027,0.337992507771029,0.338637741231129,0.338467166711386,0.337481195140725,0.335682201810971,0.333074520654550,0.329664433803654,0.325460156456011,0.320471817083722,0.314711433032843,0.308192881572476,0.300931866463123,0.292945880124825,0.284254161496218,0.274877649686017,0.264838933528580,0.254162197165064,0.242873161781283,0.230999023642653,0.218568388575545,0.205611203052996,0.192158682050969,0.178243233849237,0.163898381958460,0.149158684362135,0.134059650268762,0.118637654575862,0.102929850253224,0.086974078858121,0.070808779400011,0.054472895776473,0.038005783005861,0.021447112485176,0.004836776504085,-0.011785207752340,-0.028378794478724,-0.044904005568719,-0.061321026745089,-0.077590303266702,-0.093672634977407,-0.109529270461570,-0.125122000079117,-0.140413247678188,-0.155366160812470,-0.169944699228593,-0.184113721058475,-0.197839065786774,-0.211087635168085,-0.223827483334581,-0.236027920167052,-0.247659281374324,-0.253251279346092
-0.248841082081436,-0.255096472385597,-0.267145708312621,-0.278551285112275,-0.289285512378867,-0.299322610487463,-0.308638435361959,-0.317210567665437,-0.325018378720102,-0.332043079355581,-0.338267764193878,-0.343677452547994,-0.348259124962450,-0.352001754923431,-0.354896335657323,-0.356935902014751,-0.358115547417636,-0.358432435833464,-0.357885808746374,-0.356476987108181,-0.354209368266303,-0.351088417878050,-0.347121656832255,-0.342318643210635,-0.336690949332789,-0.330252133940470,-0.323017709588439,-0.315005105320883,-0.306233624723777,-0.296724399454830,-0.286500338363586,-0.275586072324914,-0.264007894919472,-0.251793699104713,-0.238972910029636,-0.225576414155713,-0.211636484855268,-0.197186704666997,-0.182261884396292,-0.166897979255580,-0.151132002246944,-0.135001934995888,-0.118546636251209,-0.101805748271513,-0.084819601323990,-0.067629116525563,-0.050275707260545,-0.032801179412300,-0.015247630649298,0.002342650991790,0.019927288981645,0.037463920387043,0.054910297926853,0.072224391749430,0.089364490686202,0.106289302737524,0.122958054548718,0.139330589636657,0.155367465130247,0.171030046791758,0.186280602090087,0.201082391101727,0.215399755020467,0.229198202062572,0.242444490560517,0.255106709045073,0.267154353122830,0.278558398963957,0.289291373223145,0.299327419225307,0.308642359256569,0.317213752810503,0.325020950649273,0.332045144549453,0.338269412612690,0.343678760032036,0.348260155215751,0.352002561181549,0.354896962145652,0.356936385242604,0.358115917323508,0.358432716792227,0.357886020451036,0.356477145339212,0.354209485560162,0.351088504104702,0.347121719690195,0.342318688647251,0.336690981897611,0.330252157078675,0.323017725881815,0.315005116683145,0.306233632556764,0.296724404771609,0.286500341883928,0.275586074548034,0.264007896178302,0.251793699605413,0.238972909879562,0.225576413382682,0.211636483420762,0.197186702475966,0.182261881306480,0.166897975089882,0.151131996813207,0.135001928119834,0.118546627829775,0.101805738355864,0.084819590243725,0.067629105068128,0.050275696922483,0.032801172741568,0.015247631700196,-0.002342636067831,-0.019927251185244,-0.037463846935526,-0.054910171109075,-0.072224187542652,-0.089364177102944,-0.106288837874142,-0.122957384338569,-0.139329645372943,-0.155366160812470,-0.171028275955090,-0.186278232954988,-0.201079260454515,-0.215395674326599,-0.229192994167851,-0.242437677985015,-0.248841082081436
-0.243831404854142,-0.250885826762490,-0.264540688392048,-0.277558194458949,-0.289906736725490,-0.301556650288653,-0.312479904991304,-0.322650207786066,-0.332043079355581,-0.340635911973740,-0.348408022717681,-0.355340703362521,-0.361417265857301,-0.366623082837016,-0.370945623063777,-0.374374481777409,-0.376901405913282,-0.378520314129660,-0.379227311592622,-0.379020699481282,-0.377900979191164,-0.375870851227082,-0.372935208789251,-0.369101126068581,-0.364377841279514,-0.358776734471344,-0.352311300171604,-0.344997114927709,-0.336851799825434,-0.327894978075053,-0.318148227767932,-0.307635029918050,-0.296380711914322,-0.284412386520675,-0.271758886571469,-0.258450695520248,-0.244519874009679,-0.229999982640060,-0.214926001122879,-0.199334244014526,-0.183262273233415,-0.166748807571514,-0.149833629418418,-0.132557488922803,-0.114962005822243,-0.097089569177954,-0.078983235256059,-0.060686623801420,-0.042243812953959,-0.023699233060615,-0.005097559638799,0.013516394250818,0.032097785962873,0.050601851297162,0.068984012339510,0.087199984853866,0.105205884966904,0.122958334888117,0.140414567410710,0.157532528941550,0.174270980811952,0.190589598625244,0.206449069401770,0.221811186287306,0.236638940596710,0.250896610971093,0.264549849433700,0.277565764137190,0.289912998602985,0.301561807261764,0.312484127113155,0.322653645331953,0.332045862658022,0.340638152417164,0.348409815030750,0.355342127882824,0.361418390424524,0.366623964407160,0.370946309147045,0.374375011737089,0.376901812132406,0.378520623049480,0.379227544630952,0.379020873840709,0.377901108566623,0.375870946421070,0.372935278242102,0.369101176310926,0.364377877314068,0.358776760091261,0.352311318222648,0.344997127521319,0.336851808509495,0.327894983968719,0.318148231666326,0.307635032372061,0.296380713290101,0.284412387042799,0.271758886353261,0.258450694584299,0.244519872301391,0.229999980037067,0.214925997443441,0.199334239028632,0.183262266681296,0.166748799195602,0.149833619016546,0.132557476432521,0.114961991448547,0.097089553579329,0.078983219806521,0.060686610948844,0.042243806697249,0.023699239569759,0.005097588042228,-0.013516330887540,-0.032097669443215,-0.050601656859130,-0.068983706952459,-0.087199525225366,-0.105205215276513,-0.122957384338569,-0.140413247678188,-0.157530731165043,-0.174268570833914,-0.190586410952311,-0.206444915062189,-0.221805895215849,-0.236632011910004,-0.243831404854142
-0.238234316415445,-0.246070766551569,-0.261298340975513,-0.275896399969953,-0.289829494061132,-0.303064144838265,-0.315568503699434,-0.327312467189544,-0.338267764193878,-0.348408022717681,-0.357708831927766,-0.366147800942511,-0.373704613144528,-0.380361075402018,-0.386101162068506,-0.390911053726108,-0.394779170611502,-0.397696200645804,-0.399655121995289,-0.400651220105610,-0.400682099168433,-0.399747687993738,-0.397850240274303,-0.394994329241819,-0.391186836727355,-0.386436936652303,-0.380756072989507,-0.374157932247768,-0.366658410546308,-0.358275575358966,-0.349029622020848,-0.338942825102881,-0.328039484772113,-0.316345868267714,-0.303890146634363,-0.290702326866100,-0.276814179624714,-0.262259162707309,-0.247072340447876,-0.231290299247393,-0.214951059436246,-0.198093983681528,-0.180759682160061,-0.162989914725702,-0.144827490306741,-0.126316163775805,-0.107500530540793,-0.088425919110790,-0.069138281895832,-0.049684084503600,-0.030110193799744,-0.010463765001532,0.009207871923179,0.028857326277972,0.048437260806192,0.067900505730549,0.087200172389232,0.106289766194805,0.125123298643735,0.143655398106729,0.161841419132959,0.179637550004864,0.197000918284417,0.213889694096581,0.230263190901141,0.246081963510148,0.261307903114824,0.275904329093027,0.289836077376080,0.303069585162092,0.315572971771687,0.327316115451355,0.338270725939393,0.348410412619625,0.357710748098703,0.366149327053842,0.373705820209203,0.380362023310897,0.386101900982623,0.390911625356297,0.394779609384591,0.397696534755135,0.399655374339142,0.400651409120362,0.400682239563578,0.399747791395270,0.397850315782492,0.394994383909543,0.391186875965484,0.386436964569007,0.380756092670592,0.374157945985159,0.366658420021599,0.358275581788608,0.349029626269047,0.338942827767679,0.328039486249497,0.316345868797975,0.303890146334355,0.290702325750635,0.276814177620048,0.262259159659702,0.247072336130448,0.231290293369179,0.214951051658330,0.198093973646598,0.180759669543505,0.162989899318632,0.144827472143792,0.126316143323350,0.107500508963999,0.088425898640626,0.069138266319294,0.049684079801626,0.030110208957238,0.010463813012741,-0.009207772831770,-0.028857151184283,-0.048436976364361,-0.067900068162611,-0.087199525225366,-0.106288837874142,-0.125122000079117,-0.143653619826478,-0.161839026578457,-0.179634377495583,-0.196996778452596,-0.213884425658618,-0.230256271613640,-0.238234316415445
-0.232063300641642,-0.240662893293275,-0.257426481992105,-0.273569912754823,-0.289053980590722,-0.303841474490530,-0.317896804258359,-0.331186128566628,-0.343677452547994,-0.355340703362521,-0.366147800942511,-0.376072725552651,-0.385091580819385,-0.393182651549292,-0.400326456184418,-0.406505793845747,-0.411705785886347,-0.415913911855083,-0.419120039777264,-0.421316450675221,-0.422497857268967,-0.422661416812324,-0.421806738033824,-0.419935882165394,-0.417053358055842,-0.413166111380416,-0.408283507972114,-0.402417311314836,-0.395581654252758,-0.387793004984422,-0.379070127424014,-0.369434036025913,-0.358907945182072,-0.347517213314860,-0.335289281800769,-0.322253608872816,-0.308441598661500,-0.293886525545798,-0.278623453996925,-0.262689154108339,-0.246122013015802,-0.228961942421136,-0.211250282442662,-0.193029702024070,-0.174344096141787,-0.155238480058523,-0.135758880877832,-0.115952226660967,-0.095866233373188,-0.075549289931901,-0.055050341633569,-0.034418772240237,-0.013704285009748,0.007043217043745,0.027773751370505,0.048437376297543,0.068984311342482,0.089365057139094,0.109530514685608,0.129432103628507,0.149021879296854,0.168252648205201,0.187078081746831,0.205452827803429,0.223332620002306,0.240674384357970,0.257436343041129,0.273578115025142,0.289060813367446,0.303847138891611,0.317901470044319,0.331189948710809,0.343680561782039,0.355343218277072,0.366149821834879,0.376074338400941,0.385092858945560,0.393183657062806,0.400327241311331,0.406506402170953,0.411706253501896,0.415914268406797,0.419120309409084,0.421316652875033,0.422498007620650,0.422661527658560,0.421806819054184,0.419935940874682,0.417053400228359,0.413166141406483,0.408283529153645,0.402417326106945,0.395581664458338,0.387793011908365,0.379070131993282,0.369434038881135,0.358907946745679,0.347517213840157,0.335289281405741,0.322253607562019,0.308441596339102,0.293886522022808,0.278623448995943,0.262689147269785,0.246122003910661,0.228961930576706,0.211250267389708,0.193029683376079,0.174344073719620,0.155238454076602,0.135758852210872,0.115952197212920,0.095866206572155,0.075549271375719,0.055050339910283,0.034418799945842,0.013704359983777,-0.007043070244135,-0.027773499736539,-0.048436976364361,-0.068983706952459,-0.089364177102944,-0.109529270461570,-0.129430386600975,-0.149019556096683,-0.168249554617959,-0.187074033591222,-0.205447673842548,-0.223325818452128,-0.232063300641642
-0.225333224050248,-0.234675236339460,-0.252934442969774,-0.270584343760830,-0.287582072875479,-0.303886776559006,-0.319459208880351,-0.334261872203126,-0.348259124962450,-0.361417265857301,-0.373704613144528,-0.385091580819385,-0.395550750219230,-0.405056936305891,-0.413587248453864,-0.421121145682421,-0.427640486236292,-0.433129571396217,-0.437575183405760,-0.440966617418093,-0.443295707384483,-0.444556845822190,-0.444746997413997,-0.443865706406053,-0.441915097785325,-0.438899872233076,-0.434827294865946,-0.429707177791511,-0.423551856520340,-0.416376160291649,-0.408197376384458,-0.399035208500824,-0.388911729322090,-0.377851327353176,-0.365880648183693,-0.353028530308100,-0.339325935660160,-0.324805875029607,-0.309503328541207,-0.293455161388172,-0.276700035023272,-0.259278314021857,-0.241231968841355,-0.222604474711666,-0.203440706900143,-0.183786832603573,-0.163690199727634,-0.143199222821841,-0.122363266444778,-0.101232526240642,-0.079857908013587,-0.058290905091226,-0.036583474272710,-0.014787910660271,0.007043278324258,0.028857499434411,0.050602200300823,0.072224996034490,0.093673795426554,0.114896926440582,0.135843260695036,0.156462336636012,0.176704481103550,0.196520928998625,0.215863940762543,0.234686917385716,0.252944512668760,0.270592742465463,0.287589090644441,0.303892611514227,0.319464028465025,0.334265828589505,0.348262353054683,0.361419883007169,0.373706720804842,0.385093266379244,0.395552088544737,0.405057991082629,0.413588073441074,0.421121785904497,0.427640979099662,0.433129947719086,0.437575468356491,0.440966831363133,0.443295866648250,0.444556963361485,0.444747083409858,0.443865768776702,0.441915142624936,0.438899904181992,0.434827317418700,0.429707193549378,0.423551867395268,0.416376167668205,0.408197381246097,0.399035211526247,0.388911730956831,0.377851327860921,0.365880647681254,0.353028528787441,0.339325933000617,0.324805871003367,0.309503322815396,0.293455153527560,0.276700024498667,0.259278300230772,0.241231951149507,0.222604452526201,0.203440679788180,0.183786800472552,0.163690163086878,0.143199183147394,0.122363226671588,0.101232491406891,0.079857886081095,0.058290907963496,0.036583519029786,0.014788021029206,-0.007043070244135,-0.028857151184283,-0.050601656859130,-0.072224187542652,-0.093672634977407,-0.114895307476666,-0.135841052322748,-0.156459377431954,-0.176700591329062,-0.196515968434344,-0.215857349776349,-0.225333224050248
-0.218060299985258,-0.228122221546353,-0.247833048788890,-0.266946890600595,-0.285417323718235,-0.303199950227855,-0.320251963114705,-0.336532298813350,-0.352001754923431,-0.366623082837016,-0.380361075402018,-0.393182651549292,-0.405056936305891,-0.415955335387296,-0.425851604175693,-0.434721911009730,-0.442544894674264,-0.449301715952387,-0.454976103106695,-0.459554391174680,-0.463025554981892,-0.465381235793113,-0.466615761536961,-0.466726160554267,-0.465712168836000,-0.463576230732218,-0.460323493129557,-0.455961793110803,-0.450501639126161,-0.443956185721677,-0.436341201886073,-0.427675033092777,-0.417978557129225,-0.407275133820589,-0.395590548769753,-0.382952951249810,-0.369392786399351,-0.354942721884477,-0.339637569204732,-0.323514199832942,-0.306611456391342,-0.288970059078246,-0.270632507570892,-0.251642978640948,-0.232047219729463,-0.211892438737713,-0.191227190299546,-0.170101258809210,-0.148565538486526,-0.126671910768343,-0.104473119321669,-0.082022642979598,-0.059374566906139,-0.036583452300334,-0.013704204953561,0.009208057023318,0.032098135984313,0.054910887724268,0.077591354326075,0.100084896559114,0.122337325509943,0.144295033128135,0.165905121372771,0.187115529648447,0.207875160223816,0.228134001330492,0.247843247645785,0.266955417868994,0.285424469108023,0.303205907800740,0.320256896903863,0.336536359091152,0.352005075712285,0.366625781274019,0.380363253216033,0.393184396765152,0.405058324663562,0.415956431578911,0.425852463017062,0.434722578571463,0.442545409356772,0.449302109488361,0.454976401483689,0.459554615476168,0.463025722147031,0.465381359295884,0.466615851985909,0.466726226215184,0.465712216081165,0.463576264421062,0.460323516926532,0.455961809746846,0.450501650610365,0.443956193509746,0.436341207011850,0.427675036268640,0.417978558820569,0.407275134298968,0.395590548148638,0.382952949506431,0.369392783385742,0.354942717330813,0.339637562718267,0.323514190896543,0.306611444366676,0.288970043220216,0.270632487061941,0.251642952656224,0.232047187546609,0.211892399907985,0.191227144899915,0.170101207797793,0.148565484185577,0.126671857499652,0.104473074218001,0.082022616993012,0.059374576031226,0.036583519029786,0.013704359983777,-0.009207772831770,-0.032097669443215,-0.054910171109075,-0.077590303266702,-0.100083407542196,-0.122335271164951,-0.144292255900895,-0.165901446987165,-0.187110829664033,-0.207868858782453,-0.218060299985258
-0.210262049557778,-0.221019636574605,-0.242134591756891,-0.262666320441238,-0.282564953878996,-0.301782657085977,-0.320273165177690,-0.337991947629618,-0.354896335657323,-0.370945623063777,-0.386101162068506,-0.400326456184418,-0.413587248453864,-0.425851604175693,-0.437089987910697,-0.447275334678664,-0.456383115219834,-0.464391395164690,-0.471280887960104,-0.477035001418335,-0.481639877774813,-0.485084427157796,-0.487360354388667,-0.488462179047140,-0.488387248751653,-0.487135745621598,-0.484710685904823,-0.481117912770613,-0.476366082285224,-0.470466642603756,-0.463433806428739,-0.455284516802268,-0.446038406314688,-0.435717749828800,-0.424347410834195,-0.411954781561680,-0.398569717002737,-0.384224462993547,-0.368953578537376,-0.352793852552876,-0.335784215249218,-0.317965644341846,-0.299381066335012,-0.280075253109063,-0.260094714061754,-0.239487584063503,-0.218303507496591,-0.196593518657711,-0.174409918812018,-0.151806150194895,-0.128836667264987,-0.105556805518681,-0.082022648182075,-0.058290891101587,-0.034418706158710,-0.010463603537946,0.013516706820261,0.037464454247826,0.061321946523615,0.085031708859064,0.108536622359976,0.131780061630938,0.154706031190863,0.177259300371001,0.199385536370465,0.221031435148702,0.242144849839598,0.262674916377847,0.282572176034936,0.301788694569557,0.320278177705392,0.337996082658077,0.354899725442676,0.370948383703135,0.386103394816005,0.400328249032089,0.413588677431623,0.425852734481105,0.437090874992880,0.447276025302081,0.456383648489453,0.464391803492931,0.471281197965565,0.477035234752452,0.481640051874699,0.485084555924098,0.487360448788037,0.488462247640270,0.488387298149365,0.487135780872990,0.484710710822600,0.481117930199562,0.476366094320145,0.470466650763276,0.463433811791202,0.455284520109503,0.446038408048862,0.435717750266961,0.424347410084486,0.411954779584678,0.398569713621022,0.384224457892539,0.368953571260693,0.352793842496131,0.335784201657242,0.317965626315891,0.299381042858500,0.280075223102922,0.260094676483138,0.239487538064716,0.218303452664021,0.196593455353260,0.174409848641382,0.151806076627525,0.128836596429096,0.105556747191585,0.082022616993012,0.058290907963496,0.034418799945842,0.010463813012741,-0.013516330887540,-0.037463846935526,-0.061321026745089,-0.085030376956075,-0.108534755345745,-0.131777506711582,-0.154702620398318,-0.177254917650882,-0.199379591223649,-0.210262049557777
-0.201957259436132,-0.213384592892639,-0.235852802102213,-0.257752949046730,-0.279031839697753,-0.299638317341443,-0.319522770751935,-0.338637309763583,-0.356935902014751,-0.374374481777410,-0.390911053726108,-0.406505793845747,-0.421121145682421,-0.434721911009730,-0.447275334678664,-0.458751183552329,-0.469121819383094,-0.478362265458186,-0.486450266843399,-0.493366344073434,-0.499093840157493,-0.503618960786362,-0.506930807643371,-0.509021404737626,-0.509885717694422,-0.509521665954799,-0.507930127853596,-0.505114938562917,-0.501082880905484,-0.495843669059879,-0.489409925197102,-0.481797149105100,-0.473023680875015,-0.463110656739703,-0.452081958171628,-0.439964154363457,-0.426786438230619,-0.412580556090595,-0.397380731188889,-0.381223581256347,-0.364148030296813,-0.346195214817919,-0.327408384731125,-0.307832799159943,-0.287515617407460,-0.266505785345938,-0.244853917502256,-0.222612175123299,-0.199834140515100,-0.176574687958465,-0.152889851512089,-0.128836690021645,-0.104473149660050,-0.079857924330077,-0.055050314265616,-0.030110083172222,-0.005097314251117,0.019927734546503,0.044904775686143,0.069773637287966,0.094474408086116,0.118947581760206,0.143134200291260,0.166975995996737,0.190415531902488,0.213396340113455,0.235863057849778,0.257761560820576,0.279039093614111,0.299644396790190,0.319527830368652,0.338641493416422,0.356939339445057,0.374377287340771,0.390913327559696,0.406507623332554,0.421122606634922,0.434723068691890,0.447276244799084,0.458751893255701,0.469122368219412,0.478362686307602,0.486450586784518,0.493366585189298,0.499094020275714,0.503619094150513,0.506930905513671,0.509021475920454,0.509885769002014,0.509521702598188,0.507930153773244,0.505114956702451,0.501082893434523,0.495843677552132,0.489409930769804,0.481797152525504,0.473023682639136,0.463110657127886,0.452081957284895,0.439964152144066,0.426786434469887,0.412580550426928,0.397380723099186,0.381223570044582,0.364148015084649,0.346195194543803,0.327408358166348,0.307832764952605,0.287515574168149,0.266505731791930,0.244853852680102,0.222612098732365,0.199834053356462,0.176574592533964,0.152889752796716,0.128836596429096,0.104473074218001,0.079857886081095,0.055050339910283,0.030110208957238,0.005097588042228,-0.019927251185244,-0.044904005568719,-0.069772485281253,-0.094472756300883,-0.118945282910391,-0.143131093430955,-0.166971977947232,-0.190409999091666,-0.201957259436131
